6039	31
6037	38
6033	38
6032	23
6031	24
6029	37
6028	11
6027	27
6026	32
6025	49
6024	53
6022	48
6021	30
6020	48
6019	27
6016	11
6014	28
6011	38
6007	30
6004	8
6003	28
6000	47
5995	46
5992	11
5991	29
5987	18
5985	43
5984	26
5981	48
5980	53
5979	12
5978	50
5976	10
5974	23
5971	46
5969	27
5966	38
5963	46
5960	41
5959	5
5958	28
5955	41
5953	52
59	28
5950	23
5949	2
5948	6
5947	31
5946	54
5945	8
5944	50
5943	11
5936	25
5934	50
5932	51
5931	38
5929	25
5928	43
5925	23
5924	5
5917	34
5914	19
5912	18
5908	11
5907	21
5904	54
5903	34
5902	49
5901	25
5899	43
5898	38
5896	10
5895	53
5894	28
5891	24
5890	13
5888	33
5887	46
5886	25
5885	46
5884	15
5883	49
5876	7
5874	21
5870	55
5867	45
5866	51
5864	37
85	27
5862	34
5859	8
5856	16
5852	1
5851	31
5849	28
5847	31
5845	45
5844	53
5841	23
5840	31
5838	35
5836	46
5835	23
5834	11
14	47
5831	18
5830	52
5829	10
5826	14
5825	47
5823	46
5822	37
5818	32
5817	51
5815	11
5814	45
5813	35
5812	25
5807	23
5805	5
5804	33
5803	34
5801	50
5800	21
5798	32
5795	38
5794	52
5791	47
5788	10
5787	52
5786	2
5784	48
5780	7
5779	47
5772	7
5771	38
5770	12
5768	40
22	19
5764	19
5762	46
5760	53
5758	46
5757	9
5756	24
5755	36
5754	2
5753	2
5752	49
5751	33
5747	44
5744	42
5743	2
5742	35
41	19
5738	39
5737	46
5736	8
5727	41
5725	40
5722	21
5720	36
5718	11
5717	47
5714	25
5712	11
5711	49
5710	28
5707	37
5705	21
5702	8
5701	43
5700	4
5699	39
5698	2
5697	19
5708	4
5694	30
5692	10
5767	8
5691	44
5689	34
5687	55
5684	51
5683	46
5681	46
5680	11
5678	21
5677	1
5676	12
5675	6
5673	39
5672	45
5667	25
5664	39
5662	19
5660	9
5657	43
5656	47
5655	11
5654	14
5651	26
5648	47
5646	40
5645	4
5643	18
5642	52
5641	10
5636	50
5635	52
5631	23
5629	31
5627	3
5626	52
5624	33
5622	19
5621	8
5620	46
5619	21
5617	55
5614	31
5613	52
5612	18
5610	32
5608	36
5607	34
5606	54
5602	5
5601	55
5598	53
5597	21
5596	5
5595	12
5592	21
5591	1
5590	27
5589	50
5587	36
5586	44
5584	12
5583	8
5579	2
5577	42
5576	11
5575	19
5573	16
5571	42
5569	19
5568	53
5564	21
5563	10
5562	39
5561	18
5560	47
5559	49
5557	47
5555	47
5553	37
5551	10
5550	28
5548	11
5547	6
5546	54
5543	51
6006	41
5541	45
5540	35
5539	25
5535	46
5533	49
5532	3
5531	43
5529	46
5527	45
5526	11
5524	34
5522	22
5515	9
5513	50
5512	45
5511	47
5510	52
5508	43
5506	51
5505	17
5503	46
5502	27
5500	46
5499	28
5496	48
5495	18
5493	8
5489	48
5488	42
5484	4
5483	42
5482	53
5480	29
5479	9
5478	26
5477	30
5472	4
5776	24
5470	38
5467	31
5462	31
5459	42
5454	48
5453	45
5452	19
5449	31
5448	48
5447	31
5446	9
5580	32
5445	33
5440	21
5439	50
5437	26
5434	27
5429	54
5428	43
5425	41
5422	24
5421	54
5418	25
5417	12
5415	27
5414	23
5413	49
5412	12
5411	19
5525	31
5409	10
5407	25
5406	11
5405	9
5397	7
5396	2
5395	49
5394	9
5392	53
5391	34
5390	38
5387	35
5385	16
5384	30
5383	27
5382	11
5381	49
5380	38
5379	34
5377	54
32	2
5374	7
5372	3
5370	31
5365	15
5364	41
5358	46
5357	38
5940	11
5356	51
5355	50
5351	5
5350	3
5843	55
5348	53
5344	19
5474	2
5342	39
5341	4
5339	53
5338	4
5333	10
5332	46
5330	18
5329	45
5328	46
5325	43
5318	22
5315	51
5314	36
5313	34
5308	34
5307	32
38	29
5303	39
5302	36
5301	53
5298	10
5297	17
5632	30
5296	11
5331	49
5293	15
5292	42
5291	11
5290	18
5286	16
5284	51
5283	42
5282	19
5281	41
25	41
5279	7
5277	16
5273	38
5271	25
5942	18
5270	2
5269	37
5268	31
5266	26
5262	4
5261	28
5260	24
5258	36
5255	52
5253	49
5252	40
5250	6
5247	43
5245	54
5244	11
5243	32
5242	3
5240	26
5237	38
5234	39
5630	18
5232	15
5231	1
5230	34
5229	48
5226	54
5222	6
5219	46
5218	48
5792	11
5287	10
5216	1
5215	34
5210	37
5209	23
5206	38
5205	35
5204	22
5202	50
5200	24
5198	39
5197	41
5196	43
5398	17
5194	45
5191	7
5327	10
5186	1
5184	53
5183	41
5182	26
5181	41
5179	24
5178	39
5802	18
5177	31
5174	7
5173	38
5172	48
5740	10
5171	2
5360	54
5170	11
5168	4
5167	34
5166	40
5163	18
5162	46
5161	32
5227	34
5159	11
5157	12
5156	24
5155	2
5153	32
5152	2
5151	11
5148	11
82	13
5146	50
5145	50
5144	34
5140	17
5136	43
5132	28
5131	45
5129	35
5128	37
5125	40
5124	50
5123	31
5122	43
5121	34
5119	12
5118	38
5117	14
5114	39
5110	46
5109	3
5107	31
5105	18
5104	43
5102	22
5100	10
5097	5
5096	33
5095	31
5321	26
5094	50
5090	2
5088	11
5087	30
5085	40
5084	12
5082	41
5872	30
5078	44
5077	17
5076	31
5072	38
5071	17
5069	2
5066	50
5064	19
5063	24
5061	7
5060	47
5059	8
5239	11
5058	54
5057	10
5363	22
5054	50
5052	19
5335	27
5047	8
5046	41
5045	52
5042	11
5041	31
5038	41
5037	5
5492	46
5035	29
5032	10
13	7
5030	18
5026	34
5025	52
5023	45
5021	30
5017	31
5016	30
5015	26
5014	46
5013	33
5011	38
5009	10
5008	45
5007	12
5004	2
5002	30
4999	22
4998	18
4996	28
4995	11
4993	1
4991	34
4989	28
4987	38
4986	27
4985	3
4984	48
4983	5
4982	9
4981	30
4980	31
4979	12
4978	52
4974	21
4973	11
4972	9
5713	43
4971	19
4969	35
4967	38
4965	23
4964	6
4963	2
4962	26
5761	31
4961	12
4960	40
4959	8
4958	40
4957	2
4956	52
4953	43
4951	26
4949	2
4948	39
4947	2
4946	24
4944	40
4941	19
4934	34
4932	31
4931	2
4930	8
5450	24
4925	38
4924	50
4918	30
4917	22
4916	5
4915	54
4913	23
4912	50
4906	5
31	44
4914	4
4903	2
4902	44
4899	34
4898	12
4897	12
4895	10
4893	30
4892	37
4891	1
4890	11
4889	6
4886	2
4882	10
4881	5
4879	35
33	6
5806	44
5386	46
4876	55
4875	39
4873	11
4872	11
4871	27
4870	34
4869	43
4867	16
4866	52
5251	45
4860	6
4859	44
4858	27
4857	40
4855	45
4854	47
4853	33
5827	34
5130	22
4852	30
4847	23
4846	42
4845	11
6008	18
4841	45
4840	55
4839	18
4838	38
4836	41
4835	28
4833	31
4831	40
4830	12
4829	37
4827	43
4826	8
4825	21
4823	12
4822	2
5034	19
4820	47
4819	50
4818	22
4817	36
4813	6
4810	50
4808	5
4807	52
4804	39
4803	10
4802	51
4800	16
4798	44
4790	47
4787	41
5726	29
4786	11
4785	22
4784	31
4782	27
4779	24
4777	50
4773	21
4771	24
4770	2
5769	33
4768	28
4767	18
4765	10
4764	31
4763	50
4843	39
4761	45
4760	39
4757	35
4756	55
4754	7
4753	53
5507	13
4751	38
4749	47
4747	2
4744	24
4742	11
4736	43
4735	41
5920	30
4734	24
4733	12
4731	52
88	35
4728	53
4727	46
4724	52
4723	39
4721	3
4719	51
4718	32
4717	9
4716	8
4713	45
5715	12
4711	36
4710	48
4706	50
4705	4
4703	41
4702	7
4766	10
4701	36
4698	16
5451	41
4697	7
4696	54
4695	38
4694	11
4693	45
4691	50
4689	28
4688	42
4686	40
4685	42
4683	45
4678	29
4677	13
4675	11
4674	31
4673	25
4672	46
4745	25
4671	7
5432	46
4670	16
4668	27
4666	36
4665	31
4664	38
4663	51
4660	21
4659	50
4658	53
4655	12
5075	26
4653	24
4652	2
4650	10
4649	9
4648	36
4646	46
4645	39
4643	9
4642	6
4641	30
4639	48
4638	27
4637	32
4636	41
4634	41
4633	4
4632	8
5954	2
4631	23
4630	9
4629	35
4626	43
5873	19
4625	22
4623	28
5073	46
4622	51
4621	3
4620	16
4619	54
4614	15
4612	8
4610	41
5733	12
4609	16
4608	47
5777	17
4607	18
4606	46
4605	43
4603	42
4601	18
28	4
4599	19
4597	24
4596	7
4595	5
4699	40
4594	42
4592	53
4590	22
4589	44
4588	24
4587	27
4586	27
5113	9
4585	51
4582	38
4581	27
4580	8
4571	54
4970	11
4566	8
4564	39
4559	2
4557	38
4554	8
4550	8
4549	11
4547	7
4546	34
4545	36
4544	7
4542	52
4821	11
4539	18
4538	43
4536	11
4570	26
4535	35
4534	22
4533	49
5036	15
4532	44
5049	26
4531	48
5019	37
4529	45
5256	24
4528	10
4526	38
4521	12
4520	19
4519	19
4518	50
4515	44
4514	3
4511	21
5860	5
4509	52
4502	50
4501	31
4499	7
4498	55
4497	6
4492	10
5246	51
4491	7
4490	16
4489	2
4488	46
4486	28
6038	9
4482	6
4479	2
4478	23
5861	16
4477	46
4473	50
4472	2
4469	22
4467	25
4466	54
4465	9
4464	8
4463	38
4459	6
4458	12
4457	2
4456	12
4455	6
4454	29
4452	27
4451	47
4449	49
4447	52
4446	52
4444	43
4442	8
4441	10
4436	47
4434	44
4433	10
4537	50
4431	28
4427	8
4426	38
4423	30
4422	39
4421	22
4420	11
5537	5
4419	10
5650	50
4418	34
4417	31
4414	21
4413	6
4412	7
4411	26
4709	50
4410	46
4409	35
4407	2
5618	8
4405	22
4403	41
5323	47
4402	55
4399	11
4398	11
4397	34
5340	9
4392	34
4391	38
4390	50
4388	43
4384	11
4381	26
4380	2
4379	54
4378	22
5729	55
4375	23
4372	31
4371	7
5324	10
4370	54
4366	9
5999	22
4635	11
4363	16
4360	40
4359	53
5487	47
4358	18
4356	50
4354	17
4353	46
4352	48
5022	43
4350	21
5824	15
4349	49
4348	11
4347	38
4345	18
4385	52
4344	46
4343	52
4341	19
4572	33
4340	32
5464	7
4339	38
4338	49
4335	43
5101	40
4332	1
4909	17
4331	34
5671	11
4877	10
4326	21
4324	7
4323	11
4322	9
4321	2
4320	28
4319	49
4317	46
4333	1
4312	42
4310	25
4439	25
4309	41
4308	15
5990	8
4307	55
4306	39
4305	8
4304	46
4302	2
4301	47
4298	26
4602	11
4297	31
4296	27
5796	1
4294	50
4293	54
4290	16
4288	9
4287	11
4284	22
4283	48
4282	28
5881	30
4281	11
4280	5
99	42
4277	32
4275	8
4273	54
5275	18
4432	40
4271	37
4598	36
4270	46
4269	11
4268	5
4267	31
4266	51
4265	29
4263	38
4259	41
5763	10
4258	34
4256	54
4255	38
4254	10
5538	2
4252	2
4928	50
4249	41
4248	14
4247	55
4246	49
4244	37
4243	38
4242	9
4240	26
4236	15
5799	7
4235	29
4233	40
4231	29
4230	27
4227	34
4225	51
4224	54
4462	34
64	48
4222	16
4221	9
4712	28
4220	8
4219	53
4218	37
4213	50
4211	54
4210	11
4209	1
5628	24
4207	10
5911	9
4206	53
4204	27
4203	19
4201	3
4905	12
4200	11
4199	17
4198	44
44	53
4196	3
4483	31
4194	24
4193	6
5850	48
4192	12
4191	38
5750	8
4190	38
4184	10
4183	11
4181	30
4180	54
4179	8
4177	34
4176	21
4173	50
4172	27
6023	4
4170	6
4169	24
4167	26
4164	10
4163	11
4161	15
4160	41
5416	27
4159	37
4157	38
4155	22
4153	35
4150	50
4149	22
4148	44
4145	35
4144	7
4143	40
4142	3
4400	5
4141	38
4139	52
4138	41
4137	49
4131	21
4127	10
4124	10
4123	41
4885	37
4121	2
5857	12
4314	54
4118	10
5346	41
4117	21
6036	12
6017	1
4364	38
4115	22
4114	22
4113	21
4175	3
4112	50
5582	40
4111	19
4110	44
4109	38
4567	41
4495	6
4325	43
4108	3
4105	11
5688	46
4104	28
4102	33
4101	8
5316	2
4099	11
4096	7
4093	19
4092	40
4090	43
4088	52
4087	41
4086	29
4085	41
5855	28
4887	31
4084	52
4082	52
4080	36
4079	42
4077	31
4076	16
4067	7
4064	3
4062	23
5566	31
4060	50
4058	50
4990	38
4049	40
4046	32
5225	25
4045	39
4042	15
4041	46
5274	26
4040	52
4540	54
4038	44
4037	35
74	54
4512	39
4034	44
4031	48
4027	22
4025	19
4023	41
4021	46
4017	48
4015	46
4010	44
4006	46
4004	47
5029	7
4003	14
4001	23
5816	7
4000	41
3999	28
3998	52
3996	41
3995	48
3993	16
3992	41
3991	22
3990	51
4355	12
3988	53
3987	53
3984	41
3979	50
4234	15
3978	43
3977	40
3973	54
5285	5
3971	7
3968	34
4073	11
3967	14
3963	28
5027	38
4741	12
3961	28
3960	16
3958	11
3957	6
5773	44
5693	7
3955	11
3952	47
3948	8
3947	43
3941	46
3939	2
3938	38
5455	50
3937	13
3932	34
3930	47
3928	52
3920	18
3918	18
3916	14
3913	4
5376	39
3911	55
3909	19
5371	39
3907	54
4415	21
3904	42
3903	55
3898	29
3896	38
3893	40
3890	43
3887	33
3877	46
6018	14
5666	31
3872	8
3867	41
3866	30
3883	46
3983	23
3863	12
17	19
3860	39
5465	12
5120	6
4562	39
3859	16
3856	27
6012	43
4584	19
3855	10
3853	18
3976	39
3849	41
3847	42
3846	22
3845	28
3841	46
4187	10
3840	52
4837	50
3839	18
3837	11
4018	38
3850	13
3836	12
3835	46
3828	46
5988	8
3826	47
3823	52
3819	17
3818	48
3814	4
51	14
3812	42
3811	4
3810	25
3809	18
4505	46
3808	30
5310	10
3804	32
3801	38
3800	54
4640	39
3797	30
3795	5
3792	54
3790	15
3789	24
3786	38
4471	22
3784	32
5658	47
4382	34
3780	28
3824	46
4615	11
3777	52
3774	8
57	46
3770	22
3768	2
4337	11
3766	50
4089	12
3765	43
3763	11
4357	50
3762	48
3760	21
3757	44
5461	51
3755	22
3754	45
3748	15
3744	53
3741	48
3740	48
3739	44
3733	10
3731	12
3729	3
4644	43
4383	19
3728	22
3726	2
3725	22
3722	51
3721	11
3718	51
3717	53
5640	54
3711	48
3709	28
4253	38
3708	41
3706	10
3705	18
3702	10
3701	27
3695	40
3693	36
3692	52
3690	22
3746	28
3688	53
3682	46
3681	25
5877	2
3677	1
3674	52
3673	25
3671	16
3669	28
3668	22
3666	10
3665	30
4026	23
3659	17
4217	43
46	35
3653	19
3649	52
3646	32
3644	49
5832	26
3641	38
3638	8
5534	40
3637	9
3630	30
3627	7
3626	50
3625	52
3618	13
3614	33
3612	18
4146	23
3606	19
3605	39
3604	4
3838	8
3600	40
3599	2
3597	28
3595	33
3592	28
3589	46
3587	21
3586	50
3584	53
3807	52
3583	28
3576	8
3575	46
3573	54
3802	38
3572	30
3570	13
3569	38
4513	15
3566	42
3565	35
3854	14
3560	31
3929	12
3559	40
5456	21
3556	22
3555	4
3554	48
3550	8
3676	54
3548	50
3547	11
3546	31
98	26
3543	11
5906	10
3541	38
4628	51
3540	39
3539	19
3538	52
3536	28
3535	6
3529	38
3527	43
3985	10
4851	12
3524	55
3520	2
3519	31
3518	46
3514	24
5139	22
3511	22
4156	28
3507	30
3506	52
3504	43
3503	53
3502	46
3500	12
3498	22
3497	26
5997	6
3496	26
5846	22
5609	39
3494	7
3488	55
3479	27
3477	8
4988	18
3473	12
3472	9
3470	52
3468	46
50	50
3462	11
3461	46
3459	45
3458	38
3456	6
3455	17
3454	38
5523	54
3450	28
3445	50
3440	41
3758	26
3439	34
5790	24
5259	5
4842	43
3438	25
5668	10
4863	39
3434	9
3433	16
3431	14
3430	23
3429	2
3427	5
3426	32
3424	46
5485	50
3423	18
5441	44
3966	2
3422	22
3421	22
3419	12
4313	11
3417	53
21	19
3415	22
3414	40
3412	33
3410	22
3407	4
3406	34
3404	36
3403	38
5207	15
3399	19
3395	3
3388	52
3453	41
3385	6
4342	53
3617	52
3381	28
3377	47
3374	11
3805	54
3373	24
3372	32
3369	12
3368	35
3367	25
4926	48
3363	43
4907	4
3360	21
3707	50
3358	18
3354	39
4848	40
3353	30
3350	7
3349	50
5133	55
3348	48
3347	10
3764	11
3345	5
4943	3
4815	41
4523	19
3339	15
3640	2
3338	55
3337	50
3336	13
5998	11
5158	3
3334	38
3333	26
4315	39
3327	53
3326	22
3325	50
3323	3
3687	31
3322	33
3380	11
3686	53
5388	1
3318	43
3315	30
3311	46
3310	52
3307	46
3305	23
5889	31
3303	40
3302	38
3300	31
3299	2
3298	31
3719	53
3295	29
5967	32
4844	54
3290	34
4008	41
3510	16
4548	11
3288	8
4950	31
3286	38
3942	18
3283	39
3281	35
3280	21
3756	21
3279	52
3276	40
3613	48
3274	38
3273	16
3271	52
3270	2
3269	40
4002	50
4769	7
3264	46
3260	46
3256	42
3255	42
3254	10
3467	45
3253	38
3252	54
3248	42
3247	25
3246	38
3241	16
4122	26
3239	6
3238	18
4361	47
3236	18
3231	18
3230	40
4795	31
3229	48
3227	48
3225	24
3224	34
3223	52
3221	34
3217	29
5685	46
3216	41
3215	31
3214	50
3213	50
3577	31
3212	15
3210	24
3208	53
4033	24
3204	19
3490	46
3202	6
3201	54
3568	2
3198	4
4772	14
3192	47
3190	22
3185	50
3184	55
5295	18
3182	4
3181	46
3370	2
3177	12
3174	8
3631	11
4059	19
3169	42
3245	53
5585	35
5176	14
4272	11
3167	11
3163	7
3162	52
5276	2
5074	17
3732	40
5127	24
3155	28
3596	8
3149	8
3148	11
3997	41
5820	44
3147	55
3146	47
4806	24
3145	44
3137	47
3865	8
3134	43
3133	4
3130	8
3129	42
3128	22
3124	22
5400	54
5160	19
3259	19
3117	46
3115	4
3114	32
3111	47
3110	43
3109	31
4704	53
3106	8
3104	1
3102	50
3537	6
3101	7
3899	22
5187	25
3100	19
3452	2
3099	44
3096	18
3094	54
3093	51
3166	12
3956	2
3092	5
3091	17
4508	21
4154	28
3788	40
3087	44
3086	41
3085	15
3083	8
3081	2
24	49
3080	22
3079	46
3076	49
5704	6
53	50
3071	5
4850	7
4568	14
3070	7
3068	47
3065	26
3064	41
3062	49
5509	23
3060	30
3785	18
3057	40
3054	19
3053	2
3051	8
65	34
3045	13
3042	11
3039	38
3036	18
3034	55
3032	48
3675	37
3031	52
3029	38
3126	36
3024	9
3022	29
3021	21
3020	34
3017	52
3016	41
3013	6
3945	19
3522	30
3011	22
3077	35
3010	25
4295	29
3009	37
6	30
3006	53
3004	37
4014	24
3088	27
3003	24
3002	49
3251	51
2997	28
3609	46
2995	22
3384	50
4416	4
3516	9
5638	39
2993	22
3048	8
2992	42
2989	31
2988	25
4726	28
2983	38
2981	38
3437	18
4929	25
2980	35
2979	9
2978	50
2977	33
3533	23
2976	38
2975	54
2974	24
3935	11
5951	9
2969	39
3012	2
2968	21
2967	6
2966	2
3165	39
2965	47
2962	36
5983	30
2959	35
2958	29
2957	51
2951	33
2950	45
3926	54
2949	28
4884	11
3749	50
2948	29
2944	18
2943	6
2941	33
3131	11
2940	2
2937	16
2936	55
4071	31
2934	1
2956	42
4043	28
4493	49
2933	46
2931	11
3320	25
2930	47
2929	34
3023	19
3531	15
2986	44
6013	24
2928	46
5475	50
4737	5
2925	41
3551	38
2922	3
2921	49
3121	11
2920	1
2919	38
2917	2
2916	45
2910	44
2908	52
2970	50
2906	46
2902	48
3250	10
3908	13
4007	11
5964	51
2901	34
2900	12
3989	25
2899	19
3580	30
5203	17
2898	22
5724	38
2896	4
2895	22
4083	5
4651	36
2894	46
2889	48
3343	36
2887	22
2878	35
4182	22
2877	46
2876	27
2871	2
2870	11
3278	14
2865	12
2864	25
3689	41
3656	50
2863	29
2862	43
4286	19
2861	25
3206	55
2860	51
4425	8
2858	15
4732	37
2857	8
2856	52
3119	51
3652	4
2850	51
5212	50
2848	33
2847	16
3084	48
2843	55
2841	55
5352	40
2840	2
3308	19
2839	22
2837	35
2835	34
2833	38
42	7
2828	50
2825	12
2824	53
2823	47
2819	46
3902	9
2818	38
2817	19
2815	3
2814	44
2813	21
5368	12
2811	48
2810	8
2808	4
2806	31
2805	49
2803	16
3449	47
2802	24
4334	22
3263	11
2797	45
2796	27
2793	40
4239	28
2791	21
2827	44
3152	27
2790	10
2789	1
2788	4
2779	51
2776	46
3658	55
2775	41
2774	11
2773	19
2897	55
2770	19
2769	27
2768	9
2765	25
2764	19
2762	7
3969	47
2761	23
5347	10
2760	46
5986	44
5299	31
2755	19
3723	52
2754	38
3900	8
2750	54
2781	28
2749	12
3602	41
2748	4
2747	19
5466	11
2786	40
2744	16
2743	54
3203	27
5970	40
2741	37
2740	39
5366	52
2738	51
3176	44
4171	42
2737	26
2830	35
2736	41
2735	24
2888	5
2734	7
3095	16
2730	19
2729	21
4494	30
2726	49
2723	53
2722	18
2719	32
2715	3
2712	3
2708	11
2706	38
2763	31
2705	38
4047	46
4208	7
2700	14
2742	22
2698	43
2696	51
2695	38
2694	45
2693	49
2883	38
2692	33
5731	32
2690	19
2689	35
3552	17
2688	55
2686	38
2685	38
2680	53
2676	50
3821	12
5137	40
2674	17
2673	43
2671	27
3342	10
3943	27
2670	34
5880	41
2669	31
5217	27
3484	36
5361	8
2667	12
2666	11
2664	52
2660	43
3261	26
2653	26
2649	27
2648	53
2816	42
2647	24
5977	2
4516	2
2646	38
3390	52
2681	43
5616	49
2644	19
2643	34
2640	2
2637	46
2636	29
2635	44
2633	31
2631	50
3226	2
2630	8
2627	5
2626	2
2625	34
2784	54
2624	54
2622	10
4617	49
2621	50
5249	41
2620	41
4072	38
2619	48
2984	16
2618	55
2617	38
3927	38
29	39
2614	44
2613	11
2612	38
2611	39
2608	5
2605	10
2604	12
2603	42
2602	44
5679	33
2601	35
2599	26
2597	3
4013	53
4692	44
2592	40
2590	30
2913	18
5267	22
2585	10
2583	38
2927	2
2582	19
2581	38
3098	16
2580	2
5811	52
3356	18
2579	28
3844	42
2573	11
3923	18
2571	40
2893	14
2570	49
5819	36
2569	18
3055	19
2867	16
2568	27
2565	19
2564	41
2563	26
4569	50
2710	30
2559	50
2558	21
2557	27
2556	18
2555	10
4394	35
2846	22
2554	40
2550	13
2549	24
2548	38
2955	38
2547	51
2546	33
2545	24
2544	36
2542	35
3615	38
2541	38
2540	53
2911	10
2539	47
75	55
3243	38
2538	30
2536	46
2535	28
5961	34
2534	45
2533	50
3074	31
3581	14
3776	4
2532	54
3704	52
5345	10
3138	10
2531	11
2529	34
2524	28
2687	15
5055	16
2523	38
2522	40
2521	49
3007	32
2520	23
5644	19
2519	10
2518	27
4812	43
2513	11
2511	35
2510	11
2506	52
2505	53
2504	32
2503	19
4616	18
2502	16
4081	9
2501	38
3258	2
2500	42
4805	1
4186	45
2498	10
3446	42
2495	2
2494	50
3351	8
2492	25
3499	23
2491	25
2490	14
2489	34
2488	2
2487	35
54	35
3986	51
4880	34
2482	28
2757	38
3588	46
2480	33
3478	55
2478	32
3175	35
2588	12
2704	34
5837	12
2477	31
2474	50
2473	39
2650	4
87	45
2471	19
2466	3
5721	31
2465	16
2464	12
3188	22
2457	16
2892	3
2455	2
2702	24
2454	16
43	21
5749	24
4937	51
2453	19
4119	27
3720	24
2451	27
2449	35
2447	42
2446	28
2444	19
2443	43
2442	11
3864	28
2441	11
2886	46
2439	7
3157	19
2438	26
2903	44
2435	46
2434	4
3125	55
4351	22
4303	34
2432	30
4162	7
2431	30
2429	32
5048	12
2428	48
2426	54
2543	46
4583	45
4524	35
2425	36
3933	46
3684	2
2424	44
2423	48
4923	36
2421	38
5652	12
2420	17
5458	54
4788	41
2417	28
2414	51
2413	47
2412	11
2410	22
2996	6
2409	43
2408	9
2407	28
2403	55
2402	21
2452	46
2400	23
2398	38
3485	43
6002	31
5897	7
2396	45
2395	39
2399	23
2394	47
2393	49
2392	40
2385	28
3663	9
5789	55
2591	2
2383	11
2382	2
4504	41
2380	7
2379	2
2720	11
2377	41
2372	38
2952	13
3700	49
2371	18
2370	8
2368	38
2367	53
2365	32
3448	42
5916	19
2363	11
4393	51
2360	10
2359	32
4604	53
2356	11
2355	38
3852	22
2354	33
3154	25
3654	30
4656	39
2353	17
5424	51
2351	43
2350	15
4215	11
2445	46
6034	41
2349	9
2347	16
71	50
5918	51
2344	35
2342	50
3664	16
2341	42
2340	44
2339	2
78	11
3735	48
4510	1
2337	12
2335	3
3633	38
2331	36
2939	7
3953	30
2327	50
2963	36
2324	7
2915	53
3505	42
2321	18
2971	6
2319	43
4525	33
2475	28
2318	28
2314	10
5732	21
3620	2
2312	30
4778	12
3619	22
2311	32
2310	34
2308	54
4158	34
4020	46
5098	6
2307	29
2306	21
2303	52
2724	32
2295	38
2293	45
2291	34
6005	43
5091	18
2290	32
2990	45
2389	8
2287	2
2284	44
2526	3
2281	16
2280	45
6015	52
94	55
5053	46
2278	2
2276	7
3189	39
2274	51
3097	26
2273	30
3525	52
2271	40
2270	2
2267	38
2266	10
2264	19
2703	36
2262	19
4576	5
3634	33
2261	48
2259	34
4009	7
2258	12
2257	2
2256	50
2316	29
2253	49
2468	23
3970	41
2252	32
3193	32
2251	38
2250	2
2249	18
2973	15
5476	3
4152	6
2247	43
2275	26
5892	54
2246	31
2245	40
3685	42
2242	45
2651	50
5051	38
2657	35
2239	4
2237	8
2235	26
2234	54
2233	38
3293	55
2232	53
3232	33
4245	50
2231	19
2230	2
5033	40
2229	53
3284	46
3435	47
2224	2
2223	32
3508	22
2222	46
2756	33
2221	5
2292	31
2217	50
2216	50
2212	50
2211	13
2209	11
2208	38
2206	34
2203	50
2199	8
9	2
2196	44
5189	27
2192	7
2191	48
3408	27
77	54
2188	51
4389	41
4012	19
2187	41
3944	46
3123	38
5593	33
2185	19
2184	31
2182	51
2181	38
4834	55
2180	52
2179	22
2891	25
2178	6
5639	39
2175	12
2947	10
2172	31
2171	2
2170	24
2169	9
3888	33
2168	50
2167	41
2160	43
3680	52
2159	38
2158	50
3235	38
2157	55
2153	36
2152	22
3639	8
3585	54
2151	38
2150	50
3161	49
2149	50
2147	47
2146	26
2145	4
5910	12
5115	34
5089	46
2745	28
2143	43
2142	14
5257	38
4475	5
2141	55
2140	38
2134	38
5438	38
2132	38
2131	17
2130	22
3737	11
4241	14
2128	22
5362	23
5224	47
2127	34
2289	6
4474	17
2126	6
2125	37
4485	10
3392	19
2124	47
2530	11
2122	50
2119	6
2118	21
2163	22
2115	52
2114	44
2113	21
4311	52
3858	22
2112	27
2241	41
4450	31
2110	38
2106	38
2244	10
2528	52
2105	46
4593	32
2104	46
3532	26
2103	10
2102	13
5000	53
2419	23
3875	44
2101	46
2463	35
2098	32
2096	6
2095	4
2093	45
5567	19
2092	28
2512	18
2091	46
4374	41
2089	19
3266	13
2088	26
2348	24
91	22
2085	51
2083	40
2081	44
3610	5
2080	10
2078	14
5774	12
2369	42
2077	26
2254	5
2076	46
4238	17
3292	27
2074	51
2073	39
2070	12
2236	2
2297	13
2066	5
3557	19
2063	12
2060	38
3636	29
5211	36
2059	41
2058	12
2056	29
2054	40
2053	22
2052	11
2711	49
4657	46
2050	47
2594	16
5039	37
3211	38
2049	31
2048	36
3635	38
2046	41
2038	24
5369	11
2036	38
2031	28
3340	6
2028	53
2375	2
2881	43
5116	34
3234	51
5879	52
4556	8
2027	38
2397	43
4565	54
2021	21
4078	2
2509	30
2018	51
2778	33
2016	48
5973	53
2013	23
3460	30
2011	46
3179	46
2002	28
2001	33
4214	31
1994	25
2879	31
5188	50
1990	34
1988	38
86	23
2374	38
1980	28
1974	10
1973	46
1969	10
2387	35
3934	6
5312	8
1967	22
4362	21
1966	7
5403	21
1958	44
1957	52
5126	17
3601	25
4522	22
1956	36
2493	50
1955	28
1953	33
1951	53
3489	12
3314	47
1941	28
3242	19
3817	51
1940	52
1938	12
1954	51
1937	16
3464	23
5993	49
1931	18
4553	3
1925	46
3113	43
5028	6
2751	31
4722	50
1934	28
19	34
2537	38
39	25
1917	38
1916	4
4647	51
1915	31
2005	50
1913	34
4048	22
1912	30
3747	11
1911	52
1910	11
1909	10
4435	47
1907	53
3563	48
5938	55
93	38
2787	24
4776	30
1903	22
1898	52
1896	46
4103	21
2514	17
1921	46
1895	5
3173	26
1894	42
1893	5
1891	38
1888	46
2225	44
3816	23
2593	4
4789	41
1884	28
2483	46
5730	23
1883	46
1878	19
1875	7
3912	21
1874	2
2658	33
1873	42
1872	21
3277	10
1869	48
1866	27
1857	55
1993	35
1856	32
1852	6
2173	6
1850	46
1847	38
5068	11
1846	36
1844	53
4229	38
4126	14
1836	52
1835	2
3564	48
1833	28
4828	2
2415	10
58	5
1830	15
1829	30
3191	21
1828	39
4496	2
1827	15
3870	43
5982	30
1825	17
2485	33
3868	10
1822	11
2320	55
1821	18
2662	6
56	28
4264	16
1813	17
1808	29
1806	21
5996	17
4430	36
1804	21
1802	41
2470	32
2777	26
1797	45
1796	33
1795	33
4057	46
1841	46
1793	22
1792	22
1996	50
1791	50
1788	44
3752	44
3178	7
1786	7
3306	11
1851	17
1785	10
2012	49
3650	19
2195	51
1783	17
1782	38
1779	46
3480	40
1771	51
1767	43
1766	31
3607	26
1763	22
1762	38
1761	49
4052	46
1760	37
1758	47
2193	37
2302	19
4864	12
2515	34
1757	41
1765	38
3376	54
3405	27
1753	32
2845	26
4028	45
1749	8
1746	43
1745	19
1834	52
1744	18
3041	18
1740	46
1739	45
3366	31
1737	29
5552	12
1736	52
3365	30
4189	25
1732	46
1731	39
3037	9
3038	28
1728	28
3393	2
1727	10
2043	38
1726	46
1724	32
2654	13
4125	22
1719	27
5913	50
5040	9
1799	19
1718	7
3919	44
1713	41
2587	50
1711	46
1710	11
1702	3
1701	49
3491	28
3736	40
1697	52
2035	28
1691	5
1689	6
5558	39
3678	22
4938	40
1686	41
1685	32
2584	55
3383	9
1880	28
1683	18
3195	41
1679	52
1674	22
2391	51
1842	24
1671	30
2448	34
1670	2
1668	7
1667	35
3567	37
1887	50
1665	22
4468	11
2020	48
5623	48
1999	55
1664	17
4888	19
3220	30
1663	34
1824	54
1661	34
4725	41
1658	28
5536	45
1655	38
3512	2
1673	38
3168	1
1654	21
5138	43
1651	38
4068	11
2577	39
4714	46
2872	47
5469	24
1650	32
1649	19
1823	6
1646	52
4030	10
4016	50
1645	28
1750	34
1644	22
1838	14
1642	12
5165	24
4940	39
1639	6
3297	51
1637	39
1632	32
1631	52
3582	11
1629	14
1627	46
3662	49
1619	50
4005	16
1615	19
2390	42
5473	30
1609	38
1606	31
4680	33
1605	47
5611	50
2364	36
1602	18
1601	15
1599	22
5501	15
1598	22
1592	47
3432	55
1591	2
2430	35
4955	12
1588	37
3881	53
5723	24
1587	27
1586	46
3	3
1585	2
3328	33
5556	12
1584	26
1581	38
1579	50
1576	15
1864	41
1574	23
1573	10
1571	10
4720	29
1570	40
3651	41
4274	39
1569	45
2880	13
1568	24
3624	47
1567	38
1566	24
1564	10
1563	14
1561	50
2456	22
5659	11
1560	6
1558	10
4195	11
1556	28
1555	41
1551	47
1550	33
2467	48
1548	34
2600	11
5581	33
1545	22
1540	35
2926	23
3632	3
1539	9
2044	11
5334	40
1538	11
1534	11
5520	44
4250	55
1582	10
3059	50
1532	13
2914	42
1531	15
1527	42
1524	43
1776	10
1522	25
1521	49
1519	34
1518	55
1516	28
2596	28
1660	50
3171	55
1514	34
1513	15
4707	2
4667	30
1510	25
1509	32
34	5
1508	41
3044	21
1504	31
1501	41
4611	50
1500	22
4900	21
1498	48
4627	34
1943	42
5937	6
4232	24
1497	4
1494	6
1936	31
1492	34
1933	29
1489	21
3116	39
1520	18
1488	2
4543	10
1487	3
1481	29
1479	10
3959	38
1478	11
5010	46
1475	18
3457	54
4134	28
1472	16
4662	31
1945	18
2589	41
1618	11
1471	16
1470	38
2300	10
1468	11
3200	2
1467	4
2707	51
1466	13
1465	19
1493	24
1464	46
1463	4
3364	22
1906	38
2204	46
2932	15
5	28
4216	22
1462	37
1461	32
5193	18
3886	41
1865	15
1458	34
1457	55
3910	11
1722	1
1979	52
1455	38
1623	19
3769	31
2885	14
1454	44
1453	35
5423	40
1452	7
1450	52
1583	46
2022	19
1449	26
1448	52
3015	32
1447	52
1444	11
5941	12
5745	42
5457	2
1441	1
5199	28
1439	40
1437	51
1662	39
1712	38
2812	38
1435	29
1434	50
2884	6
1433	53
2023	53
1870	4
1431	51
5431	5
3287	3
1430	34
5337	37
1425	2
1831	10
2458	15
1557	3
1423	10
2378	35
4861	4
1421	52
1420	12
4480	49
1417	19
4188	36
1416	11
1734	8
1415	7
2679	53
3799	28
4257	2
2010	47
1413	49
1410	29
1924	31
40	3
5003	50
1408	42
1407	14
2343	16
3670	4
4849	39
1405	34
3312	46
1404	36
2683	53
1403	31
5517	37
1402	17
5353	27
2094	8
1397	50
4476	48
1393	11
1390	47
1389	19
1388	46
1387	44
5994	21
1879	52
1385	18
4395	38
1384	34
3949	28
3994	21
4448	47
1382	52
1380	45
2210	31
1379	19
1377	28
1751	46
1950	54
1375	26
2799	8
1372	49
4406	53
1371	17
3389	5
3194	21
1965	36
1370	10
1367	50
3418	4
5150	54
1365	54
1364	23
1362	38
1755	29
1360	33
1358	43
1707	7
1547	29
1355	22
4289	44
1351	33
2174	21
1349	55
1597	16
1345	11
2717	43
2739	1
1342	31
1339	52
1985	38
1337	40
1332	46
3222	29
2401	46
1330	33
1386	12
1328	22
1807	11
4069	48
1327	48
1326	18
1322	33
1320	9
1316	52
5516	31
1314	24
1313	53
1311	1
1307	42
1306	34
1304	38
1302	52
3172	37
1300	2
3487	38
1299	54
1438	11
1298	19
2645	3
1294	50
1293	53
1292	18
1291	27
1764	15
1289	29
3199	6
2663	2
1340	8
2661	36
1288	30
3066	46
66	28
2006	30
5878	23
3275	35
1281	38
1280	54
1621	35
1278	41
4994	31
1277	23
2034	16
1276	50
1285	29
5494	7
1275	8
1270	6
1714	27
4936	53
69	29
11	35
5504	25
1267	5
2072	2
2039	51
3645	37
4070	26
2459	23
3321	27
1264	41
2133	28
4654	2
1262	41
5968	8
1261	6
1259	46
2905	17
4997	18
3643	50
1368	2
1258	17
4992	10
1254	53
2942	4
1252	8
1251	43
1244	30
2869	15
3108	28
5233	5
1647	33
2214	47
1243	46
89	53
2040	46
1242	2
4128	35
1978	50
4945	12
1559	16
1238	55
2713	34
3571	43
1236	11
1235	38
1230	55
2323	24
2123	46
1228	11
2107	34
3879	44
1227	19
3750	2
4094	44
1577	3
1226	54
2960	27
1338	47
2954	12
4811	43
1636	14
1224	38
2294	38
1222	33
2461	19
3964	19
1217	53
3028	52
1553	11
1411	38
2317	8
1638	46
1215	5
3413	22
1213	10
1212	38
1211	28
1209	30
1207	10
3862	3
1239	11
1204	8
4775	38
3371	11
1503	32
5112	2
1199	51
2844	17
1198	6
4684	33
1229	19
1195	55
1192	41
3139	19
1885	32
1190	43
1189	38
84	50
1188	11
1187	3
1186	32
5481	22
3382	27
1185	16
1677	15
1184	8
5933	35
1182	5
1426	21
1572	11
1179	35
1486	10
3712	22
5649	41
1178	19
1176	18
2821	28
2004	13
1175	4
1837	11
2854	8
1174	8
1173	38
3143	50
2758	3
1172	41
5491	41
3891	46
1798	26
2638	39
1170	32
4011	17
1168	43
1167	47
1659	28
1165	38
3397	10
1164	15
1684	2
1163	2
1301	28
1162	28
1161	33
12	48
1159	13
3590	47
1158	1
3476	54
3629	21
4676	38
1715	53
1157	28
2953	51
1156	34
1155	8
1152	13
2087	22
4792	6
1150	22
1149	52
2759	45
3469	55
1146	31
1484	34
1145	41
4901	9
4700	44
1144	44
2108	46
2381	18
4098	15
1975	15
1142	27
3463	41
5808	12
1141	41
1604	52
1138	6
1135	44
1607	54
4369	44
1133	40
37	43
1348	30
1269	11
2033	50
4029	9
1131	21
1129	31
3398	48
1427	10
2330	18
1127	2
1126	9
5865	39
4922	11
1125	34
1392	55
3829	33
5317	4
1124	22
1119	52
5070	49
3924	15
1118	2
1117	32
3483	16
1115	9
5238	31
2785	2
1110	50
1109	29
3622	38
1383	34
5141	19
1250	51
4460	1
1419	19
1106	8
4368	50
3521	23
4185	46
1105	49
1103	44
3218	6
5192	12
2030	53
1102	28
2003	37
1101	11
1099	2
1098	12
1517	3
5647	48
4575	11
1474	45
3561	46
2725	42
1097	11
4975	28
1096	6
1093	6
4814	12
1882	31
1087	52
1366	21
1085	22
3794	11
4690	8
1084	11
5919	40
1083	6
1080	39
1490	31
1081	23
1078	15
1743	40
3513	45
1077	43
4910	8
1075	50
1733	45
5574	41
27	24
3301	55
4591	21
1072	43
2866	11
1070	9
1068	41
1067	46
4809	21
1853	41
2875	21
1065	9
1064	8
1063	55
1059	8
3196	43
1116	52
2639	38
1057	46
1056	5
1610	46
4453	54
1203	6
1499	15
1055	8
2218	47
1840	47
5544	40
1054	13
3825	7
3796	38
1053	54
1374	29
1052	19
3954	54
4681	46
1729	34
1051	45
1297	46
3486	31
3153	6
1050	52
1049	22
3294	13
1048	32
1047	39
1046	49
1044	50
1961	22
1066	24
1716	2
1043	9
4387	22
2701	50
5927	10
4661	6
1784	28
1042	50
1041	27
4292	50
1805	47
1040	8
3914	7
1039	31
1038	11
1037	54
1932	32
4738	4
2874	30
1036	50
1035	36
3142	53
1034	25
1817	27
1030	1
2836	19
3183	26
1029	16
5797	9
1422	8
1028	53
1241	2
1027	45
1025	10
1640	47
1169	53
1151	54
1024	7
2731	27
3517	2
1693	22
1020	33
1107	27
35	22
1787	11
1247	26
1011	10
1010	30
1946	40
5468	24
3289	6
1009	52
5588	50
1005	27
1721	16
5634	38
1001	18
3775	50
6035	52
1944	45
996	35
1720	43
994	10
48	14
1525	11
992	44
5690	9
991	11
2357	11
990	28
2213	8
1309	38
986	6
5782	50
984	21
982	8
4053	46
3591	31
979	48
977	51
1622	49
973	23
3534	38
969	22
2205	6
2607	12
961	44
1552	50
959	15
68	28
1335	34
945	35
1811	46
2682	19
3359	28
4894	18
1208	16
1406	6
943	51
3186	38
1220	16
942	18
2771	16
3621	33
941	38
1810	7
936	22
92	16
935	14
932	18
3822	46
930	33
2227	17
1350	34
929	55
1344	6
926	6
1770	3
925	9
919	49
918	31
4563	38
1861	51
916	35
1069	34
5882	7
3660	4
915	23
909	54
927	5
1554	42
4939	53
3120	41
4237	52
906	3
5404	43
5001	19
2336	17
5220	11
1859	19
904	48
2373	21
3019	5
903	16
2852	8
901	7
2045	18
3815	41
899	7
3648	10
4039	47
1445	24
4739	10
897	3
63	34
5615	40
2161	40
5336	16
896	47
895	29
1653	10
2551	49
893	42
5135	47
892	43
890	47
1705	5
5378	50
889	47
2783	40
1820	11
4428	10
886	26
2061	8
882	32
1962	26
880	52
1194	43
3228	53
867	8
5653	2
3240	28
4919	10
866	27
2260	41
1818	4
1249	7
864	32
863	33
862	23
3107	46
861	43
4487	19
860	8
4365	50
1700	2
856	45
5497	28
854	46
853	22
2422	8
5521	2
4276	52
852	48
1183	41
851	11
850	49
1432	14
848	43
3873	37
847	44
845	19
841	51
61	2
837	6
4896	22
2388	31
836	45
1263	52
832	34
5099	52
831	6
3378	51
5235	15
830	44
2183	7
3237	36
5778	2
5134	25
2985	46
829	54
883	55
827	43
4774	34
1855	1
1033	31
826	38
4920	12
1608	2
931	34
2084	53
2111	44
4165	38
1927	47
2109	16
822	26
821	41
1672	49
947	2
3715	22
47	46
2404	28
5900	38
1113	54
3882	34
873	11
1002	35
3451	55
3661	8
810	42
1442	36
808	26
807	19
3391	39
805	45
4437	40
1324	2
4228	28
804	8
803	36
2718	43
2586	32
4687	40
802	23
5320	31
801	46
2873	43
80	24
3892	10
800	31
798	50
797	41
1589	50
894	29
795	2
1656	27
793	50
2405	26
790	2
1257	50
789	3
3140	27
4404	36
786	15
1775	22
782	14
1528	32
781	38
1495	46
1019	14
2008	44
780	47
1972	32
3067	3
783	7
1914	50
779	22
3482	46
1329	36
83	3
76	51
1026	36
45	10
1312	32
3058	36
1221	42
773	19
3549	2
1839	38
771	37
2469	38
1512	9
1747	46
769	52
1274	35
4762	28
762	3
757	35
792	9
755	30
753	6
2668	24
2826	11
3528	16
1058	2
2136	49
752	53
1091	10
1004	25
1666	22
1290	31
751	52
750	38
2629	29
2202	46
5766	22
1446	52
745	22
744	11
5304	47
948	22
742	33
767	10
740	8
4816	25
739	32
1153	11
934	22
4558	50
738	48
3069	36
737	50
970	19
5093	23
735	15
734	22
2632	51
5728	28
4445	22
731	6
3025	41
5471	19
3056	6
1007	27
728	48
727	6
5410	38
749	45
726	53
725	8
30	43
724	18
2576	10
5322	12
1062	4
721	44
720	46
3509	49
4202	40
3791	52
716	32
923	47
713	22
3734	31
2595	50
60	50
5389	21
1595	7
4750	11
711	19
1717	39
3848	49
2659	10
3136	29
2851	1
708	8
1939	42
707	34
5975	43
699	32
2606	45
4976	16
1424	46
5989	31
698	46
736	12
2935	10
3324	7
5498	44
692	49
691	46
1536	32
4517	55
690	26
4330	50
689	21
3030	2
685	34
4561	31
875	4
2069	55
2924	38
684	48
682	32
3962	2
679	51
678	42
1017	4
1772	44
3761	2
1877	8
5062	9
676	5
3655	8
674	51
3830	15
4061	41
673	42
857	16
671	23
2154	8
1361	16
5190	39
1533	34
4560	26
953	15
5083	53
4740	34
670	33
2047	32
2215	10
3925	28
902	8
6010	21
668	22
2912	31
4921	6
1692	31
3820	46
2325	28
4883	46
665	26
2042	13
664	38
2155	19
3759	2
693	51
842	15
878	50
3603	38
1725	22
806	32
663	40
3843	43
661	9
1682	54
2999	4
4051	32
660	42
4579	54
659	46
658	26
2728	3
5542	22
819	37
1202	46
3355	12
754	40
2767	42
656	29
920	21
1436	40
3772	2
3833	22
1139	31
3915	46
732	15
655	5
3170	43
4074	44
1399	44
746	30
653	21
3061	28
759	28
1696	2
5637	26
649	32
5842	5
4874	26
648	49
1754	2
5545	50
646	53
645	19
3304	26
4966	55
2026	55
644	36
1114	43
3344	9
643	37
4977	49
642	29
4260	19
641	38
3683	21
3027	48
825	50
640	40
2746	15
5228	29
1905	38
962	46
639	34
2838	51
637	37
730	46
1886	9
718	38
3951	28
1491	55
636	2
1890	19
634	5
1346	6
1400	44
633	28
3409	46
1428	38
2562	39
814	7
5149	50
3118	49
3267	44
632	51
5565	33
631	32
995	19
5067	10
1541	22
629	9
1976	28
5080	26
1333	44
2238	4
628	53
944	40
2194	47
3857	9
625	42
4794	24
1071	24
624	10
623	2
791	49
1982	46
2228	50
622	21
1626	27
620	53
619	6
956	31
1418	27
618	38
3122	1
5401	25
616	34
1395	12
1232	17
614	4
612	55
1942	46
1480	55
613	10
2135	6
5012	45
4759	28
611	27
5248	41
2416	11
3880	8
1469	46
607	6
4927	31
4300	36
606	34
5426	42
3219	45
5185	49
604	15
2014	52
602	28
968	35
601	1
1032	16
600	41
599	7
2067	9
3471	36
1860	46
1014	52
1694	21
1234	10
2099	41
1881	12
1104	40
5530	48
597	39
2628	19
594	26
2946	33
4481	46
761	17
4386	46
1889	12
5518	41
688	54
4168	52
4116	47
1949	1
593	54
2361	44
2672	38
592	43
5065	36
4106	22
741	30
683	51
2517	27
1210	2
590	12
3078	55
5241	26
5221	2
3743	50
587	2
586	31
695	2
584	15
583	35
987	42
4865	8
1868	27
580	10
576	21
816	22
575	23
574	16
573	34
1308	11
911	50
3026	34
1245	46
3441	21
5154	38
677	52
3716	19
570	1
1543	16
569	53
1596	47
2820	32
3783	39
1271	19
568	43
2798	34
3330	15
1826	44
2386	44
980	12
4373	48
567	35
3742	32
5839	53
1971	42
566	49
1723	6
1681	38
563	36
870	51
2598	19
562	19
939	15
561	30
843	25
3233	38
764	22
812	18
3346	44
560	50
2086	27
610	15
556	17
3905	23
555	16
5709	55
1193	46
2177	6
1015	6
551	43
5871	41
879	37
1283	2
5195	18
550	12
2834	50
5402	48
547	43
546	49
3698	45
2037	2
1549	35
4618	54
544	7
4743	45
1899	51
541	32
540	47
3574	50
1325	39
2017	2
2384	35
838	52
921	2
539	39
538	9
2315	9
1635	6
537	27
95	42
7	15
1633	43
3402	21
1511	32
1502	19
3972	13
534	34
533	43
10	15
3387	38
564	38
1130	24
3745	22
3831	24
532	52
3379	2
530	52
898	31
1752	41
528	40
5821	8
526	38
844	44
5603	53
1191	11
4136	8
525	23
523	52
2566	2
522	4
521	17
794	54
937	11
519	31
4140	47
733	10
518	10
603	19
3386	40
1253	43
666	6
517	53
3420	38
516	54
515	19
2190	39
3696	48
508	46
667	32
2675	53
506	50
1476	50
2329	1
3444	9
3921	16
504	4
503	43
499	26
627	10
1964	18
497	12
3871	44
2032	28
2029	46
2418	46
908	45
5490	47
5463	24
15	50
493	6
4796	28
3495	38
5081	5
2000	10
811	13
1862	24
3249	15
2376	30
3475	46
489	49
2525	5
487	3
480	5
3834	55
1590	19
479	15
1323	24
478	25
5706	26
2025	5
1440	43
473	41
5739	49
465	5
2057	13
4178	6
1092	23
4408	13
1708	53
554	50
464	50
3244	8
4746	19
460	22
1709	13
2972	29
1219	6
2575	19
960	10
462	9
1984	1
4758	36
2652	7
617	27
459	10
3515	1
1687	9
2322	31
2352	5
452	2
1815	28
451	15
2226	23
747	49
449	36
558	34
2684	40
448	28
4530	12
4503	38
868	52
447	7
5272	31
548	52
442	36
652	7
824	50
696	9
4708	23
572	39
2552	38
981	10
440	30
2097	22
4377	15
702	34
2263	19
4552	10
1947	21
439	38
2733	9
3878	10
1769	8
1526	55
438	25
609	40
435	48
1970	39
454	3
2982	10
5367	37
4577	46
2176	12
4783	2
828	40
3628	45
4500	49
432	10
2268	7
3869	7
5549	52
430	4
1952	32
5263	21
1801	12
423	52
3782	38
1648	36
700	18
1021	54
421	27
3832	19
5746	46
1123	2
3082	43
5674	46
966	26
420	38
419	45
5103	23
444	19
418	24
413	45
2961	46
412	55
876	52
411	2
914	14
549	52
1643	44
409	8
5915	46
1197	14
905	34
2496	43
4541	38
404	10
1923	8
402	19
461	16
400	18
1354	10
3000	22
1023	50
1482	19
399	39
397	12
5326	40
1773	27
1929	22
395	5
2116	10
758	43
2079	35
704	54
2516	10
393	32
5696	38
389	5
1265	46
388	18
4551	48
382	34
1930	8
381	10
380	32
3035	24
378	28
1147	28
3362	53
494	30
377	39
907	39
651	14
2499	48
1177	50
376	40
1730	28
374	44
373	44
2240	43
4054	22
372	3
2697	50
5748	41
1295	27
371	16
3396	38
369	29
874	8
410	46
3144	25
1814	30
414	31
3317	45
366	11
3608	6
365	12
5572	33
3501	35
4291	14
1381	50
3272	34
417	23
1742	25
2462	4
431	8
364	10
3703	12
363	7
1451	38
1774	40
362	10
3936	49
1122	50
492	6
2269	37
5939	10
697	19
989	14
2615	36
4065	55
2807	1
3400	52
1343	42
361	44
4095	19
357	18
356	10
2277	18
5106	46
621	36
2064	34
3436	27
355	38
4285	5
3803	5
351	52
2567	7
4120	1
379	15
350	55
70	11
835	28
349	44
2200	49
1800	34
3694	19
345	31
2822	44
1284	52
346	24
344	38
1669	44
1625	53
358	17
5775	21
2472	32
343	55
3332	47
4279	26
1981	6
341	48
2991	10
5254	33
5111	31
4780	36
339	24
3207	22
1496	21
1086	2
335	37
334	9
3005	44
5399	11
1456	31
2313	51
403	44
4755	11
333	28
1359	55
4868	31
331	18
3481	42
5785	31
520	50
329	25
881	49
630	2
328	52
1108	47
326	5
5956	47
865	32
3205	13
324	10
859	10
2121	12
323	49
3714	19
846	28
3296	15
367	41
3965	44
2561	16
73	50
3710	55
319	34
2055	19
3265	40
318	46
317	7
315	49
608	30
2265	26
4166	46
1995	21
314	38
2623	19
5373	29
543	25
2727	49
313	31
311	44
5393	52
321	36
2574	21
2609	27
3156	48
5869	39
1180	52
310	3
1778	6
384	48
2508	36
5265	35
2139	12
1703	32
1546	9
858	54
1900	48
308	4
1398	19
2129	28
3616	36
5086	19
760	34
3906	10
5594	21
307	46
626	11
975	29
5309	43
1396	36
306	5
5460	10
305	47
303	11
1918	28
424	40
302	6
300	22
299	19
2255	44
500	28
298	24
2248	8
1336	28
3063	32
3014	10
3331	13
5201	32
296	42
680	50
5670	25
5311	52
5300	48
293	10
1128	4
2296	36
3047	42
796	8
292	53
353	29
291	30
1902	12
289	39
2998	54
976	12
588	38
1992	34
288	45
1120	31
284	33
5695	3
1908	44
496	38
2197	28
1617	24
1016	22
283	46
3151	11
1369	54
2792	52
3150	16
1061	5
482	38
5213	11
281	32
280	26
278	10
320	47
3046	23
3667	36
1695	19
817	6
6030	27
408	19
2853	31
5905	40
275	38
337	22
274	25
3018	38
272	47
3894	28
3897	24
2309	26
3544	11
3874	51
267	53
394	7
1303	4
3335	52
1871	39
1507	35
5180	29
4299	32
712	19
3691	28
4952	47
1578	52
368	8
266	15
1897	38
2272	8
265	36
2829	25
486	10
264	24
3884	46
262	4
765	10
787	16
3112	10
260	2
971	32
1544	12
72	19
5006	34
4679	31
967	44
258	15
5570	24
1928	7
436	27
579	10
252	10
813	30
3647	46
243	25
2752	2
4793	25
239	48
965	54
710	33
5554	46
235	23
3523	54
1200	29
1505	25
3493	51
232	10
2201	18
228	53
3158	12
4024	11
5858	11
5092	27
485	39
227	32
2909	54
294	21
383	38
3049	17
5875	3
249	38
295	43
2305	8
225	38
428	2
1373	24
694	16
224	2
1624	10
5735	24
2572	4
922	10
5142	15
285	39
2075	8
4130	37
951	6
2186	15
221	49
5810	53
501	34
2709	11
723	54
1843	38
2288	11
719	19
220	11
219	55
217	13
4205	10
1485	51
216	34
495	48
3090	44
1201	46
3033	7
4682	28
2479	51
3040	26
4933	6
756	22
5848	36
214	30
585	30
0	27
3268	42
5420	18
213	6
1166	18
705	54
877	10
5793	53
4573	10
888	52
210	50
3598	16
1260	16
5759	11
208	7
207	40
1515	41
422	29
263	46
1363	10
1196	38
2782	17
2560	18
206	38
1112	19
244	52
3401	31
62	13
327	17
205	30
242	11
1266	40
1181	2
204	33
2507	28
3411	19
1443	32
2699	41
3160	42
203	22
484	27
200	26
5214	3
312	38
3787	38
2831	33
4527	29
79	27
3319	46
4484	54
279	10
230	4
3425	24
199	7
2987	29
3072	23
3980	5
434	48
2427	8
195	39
4440	11
194	46
2436	39
1218	16
240	17
5020	5
675	22
2068	45
1134	16
5661	28
261	37
2019	46
5278	44
2411	32
1429	55
5289	39
26	45
5108	9
211	14
2450	54
1287	33
463	18
1143	34
192	12
4328	6
946	38
5005	10
4752	28
3724	38
5050	11
191	46
509	37
190	11
3558	18
1060	10
277	54
4318	10
2716	34
188	39
952	12
186	41
8	55
809	48
2766	11
184	27
2326	17
1593	33
940	11
1401	39
183	25
5926	53
387	28
178	37
1008	10
3842	28
407	33
3594	38
5236	23
175	8
171	38
3442	3
467	35
338	43
2868	50
286	26
3352	19
2062	52
166	28
577	35
4336	19
198	22
5319	38
2041	19
3089	23
3135	30
527	22
4438	51
165	2
5079	28
309	53
162	22
531	30
4251	14
161	14
474	19
159	34
1318	11
259	48
347	43
5419	54
1892	11
1310	16
437	46
4151	33
158	51
154	26
475	22
974	2
1652	7
247	30
152	7
839	31
3827	30
151	38
483	32
150	46
5169	42
1317	38
2220	6
2460	55
706	27
218	51
5528	38
1148	55
5633	19
149	12
2527	28
301	52
167	38
5164	24
147	46
189	40
3075	38
5703	26
1003	22
993	30
1205	1
146	21
4316	17
983	52
1296	46
3751	12
215	46
510	7
1948	55
748	2
672	41
145	2
2301	21
4824	27
1079	28
4715	28
3257	50
144	51
714	25
3282	19
1031	26
143	11
5354	12
1111	52
416	38
142	44
1780	43
3885	4
322	9
1641	8
3375	34
141	39
139	45
5044	11
222	47
2855	36
5408	34
4954	11
138	19
1	9
137	44
135	31
912	27
131	8
1600	47
772	17
1790	33
129	48
1414	12
872	5
2945	46
938	40
209	14
5965	18
1699	10
163	11
820	38
248	55
2243	2
5909	43
132	6
2642	2
571	38
4346	54
1575	10
127	38
122	46
121	23
3642	47
4050	43
5519	21
5427	41
1748	2
1006	11
237	53
529	4
1876	54
1460	10
498	5
120	49
1690	23
250	49
1154	21
3901	16
238	42
4107	11
226	7
928	19
113	43
978	28
2433	38
3209	54
231	26
425	19
429	28
5444	40
110	26
950	38
3285	11
4019	49
5686	49
108	25
2332	44
1473	9
2610	46
1088	49
4748	34
172	2
5056	18
1319	4
466	18
4555	5
453	47
1237	51
997	54
4832	25
1214	1
276	34
107	50
2801	18
223	12
105	10
1768	13
598	35
1391	19
103	51
4022	25
4797	37
156	46
1935	11
101	54
999	49
360	11
964	45
3767	52
1735	54
2358	29
385	31
553	51
2071	5
4911	7
125	10
119	42
2334	25
2904	9
3876	38
36	10
1082	38
2279	18
1542	6
3793	51
5854	44
4174	8
2304	8
469	28
687	11
5175	27
657	26
253	38
164	24
1614	38
196	34
963	18
1863	32
2007	12
4730	23
3474	46
1565	38
3950	16
491	51
270	19
427	44
2907	38
201	46
2137	28
5863	30
1738	18
426	38
4063	52
1231	15
871	24
2207	31
1698	31
1537	26
182	43
3443	43
5264	31
251	28
1809	20
4032	52
2328	50
2476	45
49	10
5147	55
1922	28
1000	41
1305	46
1394	19
1819	19
342	41
1845	44
954	2
471	30
1286	55
3798	37
6009	22
834	11
470	24
4624	49
112	18
2164	19
3778	10
1562	13
4044	10
542	52
5442	22
106	33
2148	27
1171	2
5514	23
336	16
3895	1
1997	2
124	49
2	23
654	31
1315	51
884	49
5734	3
933	22
709	52
1076	31
245	38
957	33
3141	24
236	6
2714	25
1680	4
917	54
777	21
849	2
3127	31
3975	31
3542	43
5682	15
406	11
1223	2
3164	7
1781	51
703	29
4100	55
1603	35
325	2
5599	31
1341	14
778	51
2120	5
268	11
5957	24
180	22
3946	37
1789	22
2655	9
5783	51
770	38
2345	49
2753	26
5018	40
766	16
1240	47
4429	41
1334	31
4278	22
5781	26
1901	41
3291	52
168	46
557	31
5223	51
1331	11
5962	21
5486	30
297	11
3428	50
775	25
988	10
545	53
455	21
2641	44
4329	50
1282	27
2082	30
3043	19
1987	2
1012	10
1255	11
1045	38
3526	27
3779	19
1630	53
2189	15
4223	31
4226	52
1523	47
2578	45
3727	29
3579	49
354	22
4066	13
1854	4
3465	36
481	52
1741	23
2366	10
3187	34
891	30
972	47
774	39
5716	2
173	4
3974	25
1628	23
4197	10
2298	49
255	25
5600	25
2832	29
833	27
1594	40
2964	35
5625	6
170	38
5930	49
4129	21
5741	36
3781	28
4862	11
581	13
4968	11
476	21
1986	27
5972	30
2065	32
3940	17
18	19
1256	10
3545	31
552	28
1919	52
4036	10
2780	31
234	2
3562	12
1248	3
2440	11
650	46
910	46
2923	51
5306	17
3593	21
1483	31
136	47
4574	43
3103	38
855	10
1356	54
130	31
5349	19
1678	13
118	43
4327	31
1580	51
840	11
4133	43
1959	12
776	22
1321	2
686	41
507	1
5665	39
4135	50
1812	38
115	8
153	51
662	14
1611	32
512	6
2772	45
5828	18
5443	51
2656	34
768	45
4443	13
1137	26
4878	2
2090	9
3105	18
5853	22
502	11
1904	45
5893	14
4799	19
2406	33
2804	24
3530	18
4097	14
681	42
2346	3
635	37
4904	24
4424	52
5208	40
133	16
1759	28
589	6
722	7
743	19
5433	12
140	38
2286	35
5868	49
468	36
116	22
5809	34
4506	19
117	19
985	38
197	22
67	18
2809	41
3672	12
1074	36
5280	19
647	6
20	38
81	15
1612	52
1073	40
514	33
5024	24
370	18
1376	22
415	29
5359	51
578	49
1022	50
2849	27
4613	38
2009	52
4935	39
282	38
784	14
2165	47
5436	40
4600	48
559	48
4147	4
2691	15
1848	34
1095	41
2553	27
254	19
3813	50
1530	50
104	23
524	50
5765	14
1794	3
256	44
3738	35
148	46
2162	14
669	43
715	22
1477	11
23	40
2859	2
111	28
1013	23
591	3
160	31
340	34
1535	36
3416	45
458	51
1206	46
3578	19
605	11
2144	16
1998	25
202	43
3922	37
1272	31
2282	51
4801	46
157	38
582	6
3679	10
4396	29
273	40
4781	43
100	37
2677	30
3180	38
3341	29
958	14
1634	52
565	46
1459	32
1977	6
1968	46
1216	36
134	29
1756	22
3657	12
269	15
595	27
1706	55
3466	42
3357	47
1963	38
1100	52
5578	35
4035	6
2678	2
5375	19
3771	10
1989	32
2117	18
193	28
3132	38
3730	1
229	16
3361	8
2362	32
5719	22
1657	2
304	54
788	13
4942	3
174	31
2100	37
1353	46
3073	15
4091	18
446	50
330	2
97	34
1225	38
949	17
4	6
359	49
1704	8
638	22
2285	10
1094	36
815	12
2721	3
1279	44
785	17
2918	21
5663	19
511	50
1803	48
1688	48
241	47
401	31
4669	37
1412	5
396	30
5922	39
1675	52
332	5
2882	54
375	15
1378	11
1018	52
3553	11
1160	24
4367	4
3316	4
405	40
3917	7
123	38
2299	23
913	45
3159	3
55	44
114	27
3889	18
3773	44
3806	22
2024	48
1506	24
2795	2
3262	14
1960	4
1136	46
290	43
16	47
392	45
3309	18
3697	15
3001	33
2138	10
2994	22
176	30
5305	46
316	3
3931	32
456	19
169	4
1832	55
924	28
2338	35
5043	9
4461	51
1613	28
352	34
4075	10
4376	6
1676	51
729	23
4055	38
799	53
5604	46
287	23
3052	5
885	50
5669	49
1816	1
1132	12
5294	38
1273	2
3492	21
2497	54
488	3
5430	8
1920	49
1777	22
2842	27
2794	37
4212	22
818	44
763	9
3447	38
90	50
717	6
3851	45
490	34
246	11
155	54
887	18
701	2
181	55
1529	46
4132	43
102	14
128	21
2283	17
1352	28
3753	19
3713	50
457	50
3611	21
2484	47
5923	48
2800	13
271	46
5952	4
615	32
596	29
2437	6
3329	7
2616	18
2156	40
1620	38
1347	9
477	36
450	12
4401	35
187	29
398	51
5605	38
5833	7
257	21
2634	28
3861	39
109	18
5143	11
823	31
2015	19
1090	32
185	15
4856	23
2333	31
2665	55
4470	12
348	19
1867	10
5031	55
386	28
4056	50
433	50
5288	2
4791	38
3050	22
96	33
3197	43
536	24
1858	36
869	50
5343	5
1991	26
1616	19
2486	36
505	13
2198	13
212	34
3394	29
6001	31
2051	51
1246	50
1409	8
2219	39
1121	1
233	35
443	24
2481	50
2890	29
441	2
126	21
955	15
1983	19
472	10
4261	27
3699	18
1926	38
3008	32
900	32
4578	46
1849	49
1089	18
3623	22
513	42
4729	11
390	8
445	10
1233	3
2166	16
2938	40
2732	26
535	16
1140	2
5935	35
4908	9
3313	19
5921	12
5435	32
3982	9
177	9
3981	25
1268	51
179	28
52	46
4507	52
391	46
1357	16
998	22
4262	51
