6039	37
6037	34
6033	34
6032	26
6031	18
6029	32
6028	1
6027	26
6026	1
6025	20
6024	49
6022	9
6021	7
6020	11
6019	7
6016	1
6014	8
6011	10
6007	38
6004	53
6003	8
5995	5
5992	10
5991	16
5987	16
5985	45
5984	45
5981	11
5980	47
5979	14
5978	1
5976	41
5974	7
5971	6
66	33
5969	7
5966	34
5963	6
5960	49
5959	4
5958	52
5955	37
5953	21
5950	7
5949	6
5948	33
5947	51
5946	3
5945	45
5944	1
5943	1
5936	13
5934	1
5932	36
5931	34
5929	45
5928	3
5925	26
5924	4
5917	48
5914	31
5912	16
5908	10
5907	12
5904	55
5903	34
5902	27
5901	18
5899	38
5898	34
5896	8
5895	4
5894	8
5891	13
5890	25
5888	50
5887	5
5886	16
5885	6
5884	22
5883	20
5876	34
5874	22
5870	28
5867	16
5866	1
5864	32
5863	39
5862	34
5859	52
5856	14
5852	35
5851	37
5849	8
5847	51
5845	30
5844	47
5841	7
5840	51
5838	39
5836	29
5835	30
5834	10
5831	16
5830	21
5829	8
5826	45
5825	14
5823	5
5822	13
5818	10
5817	10
5815	1
5814	54
5813	48
5812	54
5807	27
5805	4
5804	50
5803	34
5801	25
5800	12
5798	24
5795	10
5794	21
5791	37
5788	41
5787	21
5786	51
5784	22
5783	10
5780	10
5779	2
5772	39
5771	34
5770	47
5768	22
5765	45
5764	12
29	8
5762	5
5760	47
5758	5
5757	50
5756	18
5755	1
5754	51
5753	51
5752	27
5751	50
5747	30
5744	27
5743	51
5742	39
5738	39
5737	6
5736	52
5727	49
5725	22
5722	12
5720	30
5718	10
5717	33
5714	54
5712	10
5711	54
5710	8
5707	32
5705	22
5702	53
5700	11
5699	39
5698	31
5697	31
5708	11
5694	38
5692	41
5767	52
5691	16
5689	48
5687	28
5684	1
5683	6
5681	5
5680	10
5678	35
5677	22
5676	14
5675	33
5673	39
5672	52
5667	54
5665	48
5664	39
5662	42
5660	18
5657	3
5656	12
5655	10
5654	45
5651	45
5648	2
5646	22
5645	13
5643	52
5642	21
41	8
5636	41
5635	21
5631	26
5629	37
5627	38
5626	21
5624	50
5622	31
5621	53
5620	6
5619	12
5617	28
5614	37
5613	21
5612	52
5610	24
5608	1
5607	48
5606	55
5833	10
5605	10
5602	4
5601	16
5598	2
5597	22
5596	4
5595	48
5592	35
5591	11
5590	30
5589	1
5587	39
5586	36
5584	14
5583	53
5579	51
5577	27
5576	1
5575	42
5573	4
5571	16
5569	31
5568	47
5564	12
5563	41
5562	39
5561	16
5560	2
5559	27
5557	2
5555	47
5553	32
5551	8
5550	52
5548	1
5547	33
5546	55
5543	36
6006	42
5541	52
5540	48
5539	27
5535	5
5533	26
5532	34
5531	45
5529	5
5527	16
5526	10
5524	34
5522	29
5515	55
5513	41
5512	8
5511	2
5510	5
5508	53
5506	41
5505	8
5503	29
5502	30
5500	5
5499	8
5496	11
5495	16
5493	52
5489	9
71	27
5962	12
5486	7
5484	13
5483	27
5482	47
5480	36
5479	55
5478	45
5477	24
5472	11
5776	18
5470	34
5467	51
5462	47
5459	27
5454	22
5453	16
5452	31
5449	37
5448	11
5447	49
5446	55
5580	24
5445	50
14	22
5440	14
5439	1
5437	28
5434	30
5429	55
5428	55
5425	42
5422	52
5421	4
5418	18
5417	37
5415	30
5414	41
5413	54
5412	14
5411	31
5525	47
5409	41
5407	45
5406	10
5405	55
5397	10
5396	6
5395	27
5394	55
5392	47
5391	48
5390	10
5387	34
5385	35
5384	7
5383	41
5382	24
5381	26
5380	34
5379	34
5377	30
5375	37
5374	10
5372	38
5370	39
5365	28
5364	42
5358	5
5357	34
5940	10
5356	36
5355	41
5351	47
5350	38
5843	54
5348	47
5344	31
5474	6
5342	39
5341	11
5339	4
5338	11
5333	8
5332	5
5330	16
5329	8
5328	5
5325	3
5318	29
5315	1
5314	39
5313	48
5308	48
5307	24
5303	39
5302	30
5301	47
5298	26
5297	20
5632	7
5296	10
5331	26
5293	33
5292	16
5291	10
5290	16
5286	2
5284	36
5283	27
5282	42
5281	49
5280	31
5279	34
5277	35
5273	34
5271	13
5942	16
5270	51
5269	32
5268	37
5266	45
5262	11
5261	52
5260	18
5258	39
5255	21
5253	54
8	50
5250	33
5247	45
5245	55
5244	1
5243	1
5242	38
5240	45
5237	29
5234	24
5630	52
5232	28
5231	13
5230	38
5229	13
5226	9
5222	14
5219	5
5218	11
5792	1
5287	41
5216	11
5215	48
5210	13
5209	26
5206	34
5205	48
5204	29
5202	1
5200	18
5198	39
5197	49
5196	3
5398	26
5194	52
5191	34
5327	8
5186	11
5184	47
5183	49
5182	28
5181	49
5179	18
5178	1
5802	16
5177	47
5175	41
5174	10
5173	34
5172	9
5740	26
5171	51
5360	4
5170	24
5168	13
5167	48
5166	22
5163	16
5162	5
5161	24
5227	48
5159	39
5157	14
5156	18
5155	31
5153	24
5152	51
5151	24
5148	10
5147	28
5146	1
5145	1
5144	48
5140	7
5136	28
5132	52
5131	30
5129	34
5128	13
5125	34
5124	1
5123	37
5122	3
5121	34
5119	35
5118	34
5117	9
5114	39
5110	5
5109	38
5107	51
5105	52
5104	45
5102	42
5100	8
5097	4
5096	50
5095	37
5321	45
5094	41
5090	31
5088	1
5087	38
5085	22
5084	14
5082	49
5872	38
5078	16
5077	20
5076	51
5072	34
5071	20
5069	51
5066	1
5064	37
5063	18
5061	34
5060	2
5059	52
5239	1
5058	9
5057	41
5363	31
5054	41
5052	12
5335	26
5047	45
5046	37
5045	21
5042	10
5041	51
5038	49
5037	14
5492	5
5035	41
5032	41
5031	28
5030	16
5026	48
5025	21
5023	52
5021	24
5017	37
5016	7
5015	45
5014	5
5013	50
5011	34
5009	41
5008	26
5007	14
5004	51
5002	24
4999	29
4998	16
4996	8
4995	10
4993	32
4991	48
4989	8
4987	34
4986	26
4985	38
4984	35
4983	4
4982	55
4981	7
4980	37
4979	14
4978	21
4974	35
4973	10
4972	50
5713	3
4971	42
4969	10
4967	38
4965	7
4964	9
4963	51
4962	28
5761	47
4961	14
4960	33
4959	52
4958	14
4957	51
4956	27
4953	55
4951	28
4949	6
4948	39
4947	51
4946	18
4944	22
4941	31
4934	48
4932	37
4931	31
4930	53
5450	27
4925	34
4924	41
4918	38
4917	31
4916	47
4915	4
4913	30
4912	1
4906	50
4914	11
4903	51
4902	30
4899	34
4898	14
4897	14
4895	41
4893	7
4892	32
4891	32
4890	10
4889	50
4886	6
4882	41
4881	14
4879	34
5806	30
5386	5
4876	28
4875	39
4873	10
4872	10
4871	41
20	48
4869	18
4867	35
4866	21
21	47
5251	16
4860	33
4859	30
4858	1
4857	28
4855	52
4854	2
4853	50
5827	48
5130	6
4852	24
4847	26
4846	16
4845	10
6008	16
4841	16
4840	13
4839	16
4838	34
4836	49
4835	52
4833	31
4831	22
4830	14
4829	13
4827	45
4826	52
4825	22
4823	14
4822	6
5034	2
4820	2
4819	1
4818	29
4817	7
4813	33
4810	41
4808	50
4807	21
4804	10
4803	8
4802	1
4800	35
4798	30
5288	51
4791	34
4790	2
4787	49
5726	36
4786	10
4785	6
4784	47
4782	26
39	18
4777	1
4773	12
4771	18
4770	51
42	52
4767	52
4765	41
4764	37
4763	1
4843	10
4761	16
4760	1
4757	34
4756	28
4754	10
4753	47
5507	25
4751	34
4749	37
4747	51
4744	28
4742	1
4736	3
4735	37
4733	14
4731	21
4728	47
4727	5
4724	21
4723	10
4721	38
4719	36
4718	1
4717	55
4716	53
4713	8
5715	14
4711	1
4710	11
4706	1
4705	13
4703	42
4702	34
4766	41
4701	39
4698	9
5451	37
4697	10
4696	3
4695	10
4694	10
4693	16
4691	1
4689	52
4688	27
4686	22
4685	27
4683	16
4678	36
4677	25
4675	39
4674	37
4673	4
4672	5
4745	54
4671	10
31	35
4668	24
4666	39
4665	51
25	34
4663	1
4660	12
4659	41
4658	2
4655	12
5075	28
4653	16
4652	51
4650	41
4649	33
4648	1
4646	5
4645	39
4643	55
4642	4
4641	38
4639	35
4638	8
4637	24
4636	49
4634	49
4633	27
4632	53
5954	51
4631	26
4630	13
22	39
4626	45
5873	31
4625	31
4623	8
5073	5
4622	1
4621	38
4620	35
4619	55
4614	33
4612	53
4610	51
5733	14
4609	33
4608	2
5777	48
4607	52
4606	6
4605	45
4603	27
4601	52
5436	22
4600	9
4599	37
4597	18
4596	34
4595	47
4699	50
4594	27
4592	49
4590	29
4589	30
4588	28
4587	41
4586	30
5113	55
4585	36
4582	10
4581	7
4580	52
4571	3
4970	10
4566	52
4564	10
4559	31
4557	34
4554	53
4550	52
4549	10
4547	34
4546	48
4545	7
4544	24
4542	21
4538	45
4536	10
4570	45
4535	38
4534	29
4533	54
5036	28
4532	30
5049	45
4531	11
5019	3
4529	8
5256	18
4528	41
4526	34
4521	14
4520	37
4519	31
4518	41
4515	30
4514	34
4511	11
5860	14
4509	21
4507	21
5809	48
4506	12
4502	1
4501	37
4499	10
4498	28
4497	33
4492	8
5246	10
4491	34
4490	9
4489	51
4488	6
6038	55
4482	4
4479	6
4478	26
33	1
4472	51
4469	42
4467	16
4466	4
4464	53
4463	34
4459	9
4458	14
4457	6
4456	14
4455	50
4454	36
4452	26
4451	33
4449	54
4447	21
4446	5
4444	3
4442	52
4441	8
4436	2
4434	36
4433	41
4537	1
4431	8
4427	52
4426	34
4423	24
4422	7
4421	29
4420	10
5537	4
4419	41
5650	1
4418	34
4417	47
4414	11
4413	4
4412	10
4411	45
4709	1
4410	5
4409	48
4407	51
5618	45
4405	29
4403	49
5323	33
4402	27
4399	10
4398	38
4397	48
5340	55
4392	48
4391	10
4390	1
4388	55
4384	10
4381	28
4380	6
4379	9
4378	6
5729	27
4375	30
4372	37
4371	34
5324	41
4370	55
4366	18
5999	29
4635	10
4363	35
4360	22
4359	47
5487	37
4358	52
4356	41
4354	20
4353	5
4352	9
5022	3
4350	35
5824	28
4349	54
4348	10
4347	10
4345	52
4385	21
4344	5
4343	21
4341	12
4572	50
4340	24
5464	34
4339	10
4338	54
4335	3
99	35
5101	22
4332	35
4909	7
4331	48
5671	10
4877	41
4326	35
4324	34
4323	10
4322	9
4321	51
4320	8
4319	27
4317	6
4310	45
4439	16
4309	31
4308	9
5990	52
4307	28
4306	39
4305	53
4304	5
4302	51
4301	2
4298	45
4602	24
4297	37
4296	41
5796	32
4294	41
4293	55
4290	35
4288	4
4284	29
4283	9
4282	8
5881	7
4281	1
4280	4
4278	29
4277	24
4275	52
4273	35
5275	16
4432	35
4271	32
4598	41
4270	6
4269	10
4268	47
4267	47
4266	1
4265	25
4263	34
4262	36
4259	49
4256	55
4255	10
4254	41
5538	51
4252	51
83	42
4248	45
4247	27
4246	54
4244	32
4243	34
4242	9
4240	45
4236	28
5799	34
4235	36
4233	22
4231	36
4230	30
4227	48
4225	10
4224	55
4223	49
4222	35
4221	18
4712	52
4220	6
4219	37
4218	32
4213	1
4211	9
4210	10
4209	32
5628	18
4207	41
5911	13
4206	47
4203	31
6	34
4905	37
4200	10
4199	20
4198	30
4196	34
4483	47
4194	18
4193	33
5850	35
4192	37
4191	34
5750	53
4190	34
4184	8
4183	10
4181	7
4180	55
4179	45
4177	34
4176	22
4173	24
4172	26
6023	11
4170	33
4169	16
4167	45
4164	36
4163	24
4161	28
4160	49
5416	41
4159	32
4157	34
4155	29
4153	48
4150	1
4149	29
4148	30
4145	34
4144	10
4143	22
4142	38
4400	47
4141	34
4139	21
4138	49
4137	20
4131	11
4127	8
4124	41
4123	42
4885	32
4121	31
5857	14
4314	55
4118	8
5346	42
4117	14
6036	14
6017	35
4364	34
4115	29
4114	29
4113	12
4175	38
4112	1
5582	22
4111	49
4110	26
4109	34
4567	49
4495	4
4325	3
4108	38
4105	10
5688	6
4104	52
4102	50
4101	53
5316	51
4099	7
4096	10
4093	31
4092	22
4090	45
4088	21
4087	49
4086	36
4085	49
5855	26
4887	47
4084	21
4082	5
4080	30
4079	27
4077	37
4076	2
4067	34
4064	38
4062	30
5566	51
4060	41
4058	1
4046	26
5225	54
4045	39
80	33
4041	6
5274	45
4040	21
4037	34
4512	39
4034	26
4031	35
4027	29
4025	31
4023	49
4021	6
4017	9
4015	5
4010	41
4006	5
4004	12
5029	10
4003	9
4001	26
5816	10
4000	49
3999	52
3998	21
3996	42
3995	11
3993	14
3992	49
3991	29
3990	36
4355	37
3988	47
3987	4
3984	49
3979	41
4234	28
3978	53
3977	22
3973	55
5285	50
3971	10
3968	34
4073	10
3967	54
3963	8
5027	34
4741	2
3961	53
3960	2
3958	10
3957	33
3952	2
3948	52
3947	45
97	31
3941	5
3939	6
3938	10
5455	1
3937	25
3932	48
3930	2
3928	21
3927	34
3920	16
3918	52
3916	28
3913	11
5376	39
3911	27
3909	31
5371	39
3907	55
4415	22
3904	27
3903	45
3898	5
3896	34
3893	50
3890	45
3887	50
3877	6
6018	45
5666	37
3872	53
3867	49
3866	7
3883	5
3983	26
3863	14
3861	10
3860	39
5465	14
5120	33
4562	39
3859	35
3856	41
6012	55
4584	42
3855	8
3853	16
3976	39
3849	29
3847	16
3846	6
3845	52
3841	50
4187	41
3840	21
4837	1
3839	16
3837	10
4018	34
3850	25
3836	14
3835	29
3828	5
5988	52
3826	35
3823	21
3819	20
3818	11
3814	22
3813	1
3812	16
3811	11
3810	13
3809	16
4505	6
3808	7
5310	41
3804	24
3801	34
3800	3
4640	39
3797	24
3795	47
3792	3
3790	33
3789	18
3786	34
4471	36
3784	1
5930	27
5741	41
4129	35
3781	8
5658	2
4382	48
3780	16
3824	6
4615	34
3777	21
3774	45
3770	29
3768	6
4337	10
3766	1
4089	14
3765	3
3763	10
4357	1
3762	11
3760	12
3757	30
5461	1
3755	29
3754	16
3748	28
3744	4
3741	13
3740	22
3739	30
3733	8
3731	14
3729	38
4644	55
4383	31
3728	6
3726	29
3722	24
3721	1
3718	10
3717	47
5640	55
3711	35
3709	52
4253	34
3708	49
3706	8
3705	16
3702	8
3701	24
3695	22
3693	30
3692	21
3690	31
3746	52
3688	2
65	4
3682	5
3681	18
5877	51
3677	32
3674	21
3673	27
3671	4
3669	52
3668	6
3666	8
3665	7
4026	7
3659	20
3657	37
3653	42
3649	21
3646	24
3644	20
5832	45
3641	34
3638	52
5534	14
3637	55
3630	7
3627	10
3626	1
3625	21
3618	45
3614	50
3612	52
4146	26
3606	42
3605	10
3604	11
3838	53
3600	52
3599	51
3597	52
3595	50
5306	20
3593	35
3592	8
3589	6
17	12
3586	41
3584	47
3807	52
3583	52
3576	53
3575	29
3573	4
3802	34
3572	33
3570	45
3569	34
4513	33
3566	27
3565	39
3854	28
3560	37
3929	14
3559	22
5456	35
3556	6
3555	11
3554	9
3550	52
3676	9
3548	1
3547	10
3546	51
3545	51
3543	10
5906	1
3541	34
4628	10
3540	39
3539	12
3538	21
3536	8
3535	33
3529	34
3527	3
3985	36
4851	47
3524	28
3520	51
3519	51
3518	5
3514	18
5139	31
3511	6
3506	21
3504	45
3503	2
3502	6
3500	14
3497	45
5997	33
3496	45
5846	31
5609	39
3494	34
3488	13
3479	26
3477	52
4988	16
3473	14
3472	55
3470	41
3468	6
3466	30
3462	24
3461	5
3459	16
3458	24
3456	33
3455	20
3454	34
5523	4
3450	8
3445	1
3440	29
3758	45
3439	48
5790	28
5259	14
4842	45
3438	54
5668	41
4863	10
3434	13
3433	33
3431	13
3430	26
3429	51
3427	50
3426	24
3424	6
5485	41
3423	16
5441	30
3966	51
3422	31
3421	29
3419	14
4313	1
3417	2
3416	53
3415	29
3414	22
3412	18
3410	31
3407	11
3406	48
3404	39
3403	10
5207	28
3399	12
3395	38
3388	21
3453	29
3385	33
4342	2
3617	21
3381	8
3377	2
3374	10
3805	4
3373	18
3372	24
3369	14
3368	39
3367	54
4926	9
3363	3
4907	13
3360	35
3707	1
3358	52
3354	39
4848	22
3353	38
3350	10
3349	1
5133	28
3348	9
3347	41
3764	10
3345	47
78	41
4943	38
4815	49
4523	42
3339	22
3640	6
3338	16
3337	1
3336	25
5998	10
5158	34
3334	34
3333	28
4315	39
3327	47
3326	6
3325	1
3323	38
3687	37
3322	18
3380	10
3315	7
5935	39
4908	50
3313	37
3311	5
3310	21
3307	5
3305	7
5889	37
3303	14
3302	34
3300	47
3299	6
3298	37
3719	4
3295	25
5967	24
4844	55
3290	34
4008	49
3510	35
4548	10
3288	53
4950	37
3286	34
3942	16
3283	39
3281	34
3280	12
3756	12
3279	21
3276	22
3613	33
3274	34
3273	35
3271	21
3270	31
3269	22
4002	41
4769	10
3264	6
3260	5
3256	27
3255	7
3254	41
3467	52
3253	34
3252	50
3248	30
3247	16
3246	24
3241	35
4122	45
3239	33
3238	52
4361	37
3236	52
3231	52
3230	22
4795	51
3229	35
3227	35
3225	18
3224	48
3223	21
3221	48
3217	36
5685	5
3216	49
3215	37
3214	1
3212	28
3210	18
3208	2
9	31
4033	18
3204	4
3490	5
3202	33
3201	9
3568	51
3198	11
4772	28
3192	2
3190	29
3185	1
3184	28
5295	16
3182	13
3181	5
3370	51
44	6
3177	12
3174	52
3631	1
4059	31
3169	27
3245	2
5585	48
5176	54
4272	1
3167	10
3163	10
3162	21
5276	31
5074	20
3732	28
5127	18
3155	26
3596	52
3149	52
3148	10
3997	49
5820	30
3147	28
3146	2
4806	18
3145	30
3137	2
3865	45
3134	3
3133	12
3130	52
3129	16
3128	6
3124	31
5400	55
5160	31
3259	31
3117	5
3115	27
3114	24
3111	14
3110	3
3109	37
4704	47
3106	54
3104	32
3102	1
3537	33
3101	10
3899	29
5187	54
3100	31
3452	31
3099	30
3096	16
3094	4
3093	24
3166	14
3956	31
3092	4
3091	20
4508	12
4154	8
3788	22
3087	30
3086	49
3085	28
3083	53
3080	31
3079	5
3076	20
3073	22
3071	4
4850	10
4568	54
3070	10
3068	12
5490	1
5463	18
15	5
3065	45
3064	37
3062	26
5509	26
3060	24
3785	16
3057	22
3054	42
3053	51
3051	53
3197	3
96	2
3050	29
3045	25
3042	10
3039	34
5704	33
53	16
3034	16
3032	11
3675	32
3031	21
3029	34
3126	1
3024	55
3022	8
3021	11
3020	48
3017	21
3016	51
3522	38
3011	42
3077	39
3010	27
4295	8
3009	32
3006	2
3004	32
4014	18
3088	26
3003	18
3002	20
3251	1
3309	16
3697	13
3001	50
2997	8
3609	5
2995	29
3384	1
4416	11
3516	13
5638	39
2993	29
3048	52
2992	54
2989	37
2988	13
4726	8
2983	34
2981	34
3437	25
4929	45
2980	34
2979	50
2978	41
2977	50
3533	7
2976	34
2975	55
2974	18
3935	10
5951	50
2969	39
3012	51
2968	35
2967	33
2966	51
3165	39
2965	12
2962	39
5983	38
2959	39
2958	25
2957	36
2951	50
2950	16
3926	9
2949	52
4884	10
3749	1
2948	36
2944	16
2943	33
2941	50
3131	10
2940	51
2937	14
2936	28
4071	37
2934	32
2956	30
4043	8
4493	27
2933	5
2931	10
3320	54
2930	12
2929	48
3023	12
3531	28
2986	30
6013	18
2928	6
3551	34
2922	38
2921	26
3121	10
2920	32
2919	34
2917	51
2916	16
2910	16
2908	21
2970	1
2906	5
2902	35
3250	41
3908	25
4007	10
5964	1
2901	34
2900	37
3989	45
2899	31
3580	7
5203	7
2898	29
5724	34
2896	13
2895	42
4083	4
4651	30
2894	6
2889	35
3343	30
2887	29
2878	34
4182	29
2877	5
2876	41
2871	6
2870	10
3278	13
2865	14
2864	54
3689	29
3656	1
2863	36
2862	3
4286	42
2861	27
3206	28
2860	36
4425	52
2858	28
4732	13
2857	41
2856	5
3119	1
3652	13
2850	10
5212	1
2848	50
2847	2
3084	11
2843	28
2841	45
5352	22
2840	51
3308	31
2839	29
2837	39
2835	48
2833	34
5600	54
2832	36
2828	41
2825	47
2824	47
2823	12
2819	5
3902	4
2818	34
2817	31
2815	34
2814	26
2813	35
5368	14
2811	13
2810	53
2809	49
67	39
2808	27
2806	47
2805	54
2803	35
3449	33
2802	18
4334	29
3263	10
2797	16
2796	41
85	32
2793	22
4239	26
2791	12
2827	36
3152	1
2790	41
2789	13
2788	28
5938	18
93	18
2787	18
2780	37
4036	8
2779	36
2776	21
3658	28
2775	31
2774	1
2773	37
2897	13
2770	31
2769	30
2768	50
2765	18
2764	12
2762	34
3969	2
2761	7
5347	8
2760	6
5986	30
5299	37
2755	12
3723	5
2754	34
3900	52
2750	4
2781	8
2749	14
3602	42
2748	27
2747	42
2743	55
3203	41
2740	39
5366	21
2738	10
3176	30
4171	16
2737	45
2830	39
2736	51
2735	45
2888	14
2734	10
3095	4
2730	31
76	22
4494	7
2726	54
2723	4
2722	52
2719	1
2715	38
2712	34
2708	10
2706	34
2763	37
2705	34
4047	5
4208	34
2700	9
2742	29
2698	45
2696	1
2695	34
2694	16
2693	54
2883	34
2692	50
4147	11
2691	33
5731	24
2690	31
2689	48
3552	26
2688	27
2686	34
2685	34
2680	47
2678	31
2676	24
3821	14
5137	35
2674	26
2673	45
3943	30
2670	34
5880	49
2669	37
5217	41
3484	30
5361	53
2667	14
2666	1
2664	21
2660	45
3261	45
2653	45
2649	30
2648	4
2816	27
2647	13
5977	51
4516	29
2646	10
3390	34
2681	3
5616	20
2644	31
2643	48
2640	31
2637	6
2636	36
2633	37
2631	41
3226	51
2630	53
2626	51
2625	42
2784	4
2624	3
2622	8
4617	20
2621	41
5249	49
2620	42
4072	34
2619	35
2984	35
2618	16
2617	34
2614	16
2613	10
2612	34
2611	39
2608	4
2605	41
2604	14
2603	16
2602	30
5679	4
2601	10
2597	38
4013	4
4692	30
2592	50
2590	38
2913	52
88	10
5267	29
2585	41
2583	34
2927	6
2582	31
2581	34
3098	35
2580	51
7	52
95	35
3844	27
2573	24
3923	52
2571	22
2893	9
2570	20
5819	30
2569	16
3055	42
2867	35
2568	41
2565	42
2563	28
4569	1
2710	7
2559	1
2558	12
2557	26
2556	52
2555	41
4394	34
2846	6
2554	22
2550	25
2549	18
2548	34
2955	24
2547	36
2546	50
2545	18
2544	30
2542	48
3615	34
2541	34
2540	47
2911	41
2538	7
2537	34
2536	5
2535	8
5961	48
2534	16
2533	1
3074	37
3581	53
3776	22
2532	55
3704	21
5345	8
3138	8
2531	10
2529	34
2524	8
2687	22
5055	14
2523	34
2522	22
2521	54
3007	24
2520	7
5644	31
2519	41
2518	41
4812	45
2513	1
2511	39
2510	24
2506	5
2505	47
2504	24
2503	42
4616	16
2502	4
4081	28
2501	34
3258	6
2500	16
4805	35
4186	52
2498	41
3446	27
2495	51
2494	41
3351	53
2492	54
3499	27
2491	27
2490	9
2489	34
2488	6
2487	48
2484	37
3611	12
4880	48
2482	53
2757	34
3588	5
2480	18
3478	16
2478	24
3175	34
2588	14
2704	48
5837	47
2477	37
2474	41
2473	39
2466	38
5721	51
2465	35
2464	14
3188	29
2457	35
2892	34
2455	31
2702	45
5749	18
4937	1
2453	42
4119	41
3720	18
2451	26
2449	10
2447	16
2446	8
2444	42
2443	3
2442	10
3864	8
2441	10
2886	5
2439	10
3157	2
2438	45
2903	30
2435	6
2434	11
3125	54
4351	29
4303	48
2432	24
4162	10
2431	38
2429	24
5048	14
2428	22
2426	55
2543	5
4583	8
4524	34
2425	39
3933	5
3684	31
2424	30
2423	35
4923	39
2421	34
5652	14
2420	20
5458	4
4788	42
2417	8
2414	1
2413	12
2412	10
2410	31
2996	33
2409	18
2408	55
2407	52
5893	9
4799	12
2406	50
2804	18
3530	16
3715	29
47	41
2404	8
2403	27
2402	35
2452	5
2400	7
2398	34
3485	45
6002	37
5897	10
2396	8
2395	39
2399	26
2394	12
2393	54
2392	50
2385	52
3663	55
5789	27
2591	51
2383	10
2382	51
4504	42
2380	34
2379	6
2720	24
2377	2
2374	10
86	37
2372	34
2952	25
3700	27
2371	16
2370	52
2368	39
2367	47
2365	24
3448	20
5916	12
2363	10
2362	24
4393	1
2360	8
2359	1
2650	11
87	8
2471	31
4604	4
2356	1
2355	34
3852	31
2354	50
3154	27
3654	39
4656	39
2353	20
5424	1
2351	3
2350	50
4215	10
2445	6
6034	49
2349	13
2347	14
4462	48
64	38
5918	1
2344	48
2342	41
3664	35
2341	27
2339	51
3735	9
4510	35
2337	14
2335	34
3633	34
2331	30
2939	10
3953	7
2327	41
2963	30
2324	10
2915	4
3505	30
2321	16
2971	33
2319	3
4525	50
2475	8
2318	8
2314	41
5732	14
3620	51
2312	18
4778	14
3619	33
2311	24
2310	34
2308	4
4158	48
4020	5
5098	4
2307	25
2306	22
2303	21
2724	1
2295	10
2293	8
2291	34
6005	12
5091	16
2290	24
2990	30
2389	52
2287	51
2284	30
2526	38
2281	35
2280	16
2279	52
5053	5
2278	51
2276	10
3189	24
2274	1
3097	45
2273	7
3525	21
2271	22
2270	31
2267	34
2266	8
2264	42
2703	30
2262	45
4576	4
3634	50
2261	11
2259	48
4009	34
2258	14
2257	51
2256	1
2316	36
2253	11
2468	26
3970	51
2252	24
3193	10
2251	34
2250	51
2249	52
2973	28
5574	49
27	45
3301	54
5892	55
2246	37
2245	22
3685	16
2242	30
2651	1
5051	34
2657	39
2239	11
2237	53
2235	28
2234	55
2233	34
3293	54
2232	47
3232	50
32	31
4245	1
2231	31
2230	51
5033	22
2229	4
3284	21
3435	27
2224	6
2223	24
3508	29
2222	5
2756	18
2221	4
2292	37
2217	1
2216	41
2212	1
2211	45
2209	10
2208	34
2206	34
2203	1
2199	53
2198	3
2196	30
5189	24
2192	34
2191	11
2189	22
3408	41
77	1
2188	24
4389	42
4012	12
2187	51
3944	5
3123	34
5593	18
2185	42
2184	37
2182	1
2181	10
4834	27
2180	21
2179	42
2891	54
2178	33
5639	10
2175	14
2947	42
2172	37
2171	6
2170	18
2169	55
3888	50
2168	1
2167	13
2160	45
3680	21
2159	34
2158	1
3235	34
2157	13
2437	2
3329	34
2156	50
2616	16
2153	39
2152	31
3639	52
3585	55
2151	34
2150	1
3161	54
2149	1
2147	2
2146	45
2145	11
5910	14
5115	48
5089	6
2745	8
2143	53
2142	13
5257	34
4475	4
2141	16
2140	34
2137	8
2134	34
5438	34
2132	34
2131	20
2130	42
3737	24
4241	9
2128	29
5362	47
5224	2
2127	48
2289	33
4474	7
2126	33
2125	32
4485	8
3392	12
2124	2
2530	1
2122	1
2119	33
2118	12
2163	29
2115	21
2114	8
2113	35
4311	21
3858	42
2112	41
2241	31
4450	37
2110	34
2106	10
2244	8
2528	5
2105	5
4593	24
2104	21
3532	45
2103	8
2102	54
5000	47
2419	7
3875	30
2101	5
2463	39
2098	1
2096	4
2095	13
2093	52
5567	42
2092	8
2512	16
2091	5
4374	49
2089	42
3266	25
2088	18
2348	22
91	8
2085	10
2083	22
2081	26
3610	4
2080	8
2078	54
5774	14
2369	16
2077	45
2254	4
2076	5
4238	20
3292	41
2074	36
2073	39
2066	4
5972	38
2065	10
3940	26
18	29
3557	31
2063	47
2060	34
3636	25
5211	1
2059	42
2058	37
2056	52
2054	50
2053	31
2052	10
2711	26
4657	29
2050	2
2594	35
5039	32
3211	34
2049	37
2048	1
3635	48
2038	18
5369	10
2036	48
2031	52
3340	33
2028	47
2375	51
2881	3
5116	48
3234	1
5879	21
4556	53
2027	34
2397	45
4565	55
2021	12
4078	49
2509	7
2018	10
2778	50
2016	28
2849	41
4935	39
4613	34
2009	21
2002	8
2001	50
4214	37
1994	54
2879	37
5188	24
1990	48
1988	34
6015	5
94	33
1980	52
1974	41
1973	6
1969	8
2387	48
3934	33
5312	53
1967	6
4362	35
1966	34
5403	14
1958	30
1957	21
5126	7
3601	54
4522	29
1956	30
2493	1
81	52
1953	50
1951	47
3489	14
3314	12
1941	8
3242	12
3817	41
1940	21
1938	14
1954	41
1937	35
3464	26
5993	11
1931	16
4261	41
3699	16
1926	34
4553	34
1925	5
3113	34
5028	33
2751	51
5430	45
1920	54
1917	34
1916	54
4647	1
1915	51
2005	41
1913	48
4048	42
1912	7
3747	10
1911	21
1910	10
1909	8
4435	2
1907	4
3563	9
1904	41
4776	24
1903	31
1898	5
1896	5
4103	35
2514	26
1921	6
1895	47
3173	45
1894	27
1893	50
1891	34
1888	5
2225	30
3816	30
2593	11
4789	51
1884	8
2483	5
5730	26
1883	5
1878	31
1875	39
3912	33
1874	51
2658	50
1873	30
1872	12
3277	41
1869	35
1867	41
1866	41
1863	10
1857	28
1993	48
1856	24
4066	25
1854	54
3465	39
1852	33
2173	33
1850	5
1847	34
5068	10
1846	1
1844	4
50	34
4229	34
4126	54
1836	21
1835	6
3564	9
1833	52
4828	31
2415	8
58	10
1830	28
1829	38
3191	22
1828	39
4496	51
1827	33
3870	45
5982	38
1825	20
2485	50
3868	41
1822	10
2320	28
1821	16
2662	33
56	50
4264	35
1813	26
1809	41
4032	21
1808	36
1806	12
5996	20
4430	39
1804	14
1802	42
2470	1
2777	45
1797	52
1796	50
1795	50
4057	33
1841	6
1793	29
1792	31
1996	1
1791	1
3946	13
1789	31
2655	55
1786	34
3306	10
1851	20
1785	8
2012	20
3650	12
2195	24
1783	26
1782	34
1779	5
3480	22
1771	1
1767	3
1766	37
3607	45
1762	34
1761	27
4052	6
1760	3
1758	2
2193	32
2302	31
1756	29
1765	10
3376	9
3405	24
1753	10
2845	45
4028	52
1749	53
1746	3
1745	42
1834	21
1744	54
3041	16
1740	5
1739	52
3366	49
1737	25
5552	37
1736	21
3365	24
4189	54
1732	5
1731	39
3037	13
3038	8
1728	8
3393	51
1727	41
2043	34
1726	6
1724	24
2654	25
4125	42
1719	30
5913	1
5040	13
1799	31
1718	10
3919	36
1713	37
2587	41
1711	6
1710	10
1706	16
1702	38
1701	54
3491	8
3736	22
1697	5
2035	8
1691	14
1689	33
5558	39
3678	6
4938	14
1686	49
1685	10
2584	28
3383	3
1880	8
1683	16
3195	49
1679	21
1674	29
2391	1
1842	13
1671	38
2448	34
1670	51
1668	10
1667	39
3567	32
1887	1
1665	29
4468	24
2020	9
5623	11
1999	28
1664	20
4888	31
3220	7
1663	48
1824	33
1661	48
4725	49
1658	8
5536	8
1655	10
3512	31
1673	34
3168	32
1654	12
5138	55
1651	34
4068	24
2577	39
4714	6
2872	2
5469	18
1650	24
1649	12
1823	33
1646	21
4030	8
4016	1
1645	8
1750	48
1644	51
1838	54
1642	2
5165	18
4940	39
1639	9
3297	10
1637	45
1632	1
1631	5
3582	1
3779	31
1630	47
1629	3
1627	6
3662	54
1619	1
5343	4
1991	45
1616	12
2486	39
4005	35
1615	42
2338	34
5043	55
4461	1
1613	8
2390	16
5473	7
1609	10
1606	47
4680	50
1605	2
5611	1
2364	41
1602	52
1601	22
1599	29
5501	55
1598	29
1592	2
3432	27
1591	37
2430	34
4955	37
1588	32
3881	4
5723	27
1587	41
1585	6
3328	50
5556	13
1584	28
1581	34
1579	1
1576	22
1864	49
1574	26
1573	8
1571	41
4720	25
1570	22
3651	42
4274	39
1569	52
2880	25
1568	18
3624	12
1567	34
1566	18
4730	30
2007	14
3474	5
1565	10
1564	41
1563	9
1561	41
2456	29
5659	24
1560	33
1558	41
4195	1
1556	8
1555	49
1551	37
1550	50
2467	11
1548	48
2600	10
5581	50
1545	31
1540	52
2926	26
3632	34
1539	13
2044	10
5334	22
1538	10
1534	10
5520	30
4250	28
1582	8
3059	1
1532	25
2914	27
1531	28
1527	27
1524	45
1776	26
1522	27
1521	20
1519	34
1518	16
1516	8
2596	8
1660	1
3171	28
1514	48
1513	13
4707	6
4667	3
1510	27
1509	1
34	45
1508	42
3773	30
3806	29
2024	11
1506	45
2795	29
3262	13
1960	27
3044	22
1504	37
1501	42
4611	41
1500	29
4900	12
1498	11
1714	30
4936	4
11	16
69	22
1494	4
1936	37
1492	48
1933	36
1489	35
3116	36
1520	16
1488	51
4543	41
1487	48
1481	36
1479	41
3959	10
1478	10
5010	5
1475	16
3457	55
4134	52
1472	2
4662	51
1945	52
2589	49
1618	1
1471	2
1470	34
2300	8
1468	1
3200	51
1467	11
2707	1
1466	25
1465	42
1493	45
1464	5
1463	11
3364	42
1906	10
2204	6
2932	28
5	37
4216	29
1462	32
1461	24
5193	16
3886	49
1865	22
1458	48
1457	28
3910	10
1722	32
1979	21
1455	34
1623	42
3769	37
2885	53
1454	26
1453	34
5423	22
1452	10
28	5
1448	21
3015	24
1447	21
1444	1
5941	14
5745	27
5457	6
1441	35
5199	26
1439	22
1437	41
1662	30
1712	34
2812	34
1435	25
1434	34
2884	33
1433	47
2023	47
1870	13
1431	10
5431	50
3287	48
1430	48
5337	32
1425	6
1831	41
2458	28
1557	38
1423	41
2378	48
4861	11
1421	21
1420	14
4480	26
1417	42
4188	1
1416	47
1734	52
1415	34
2679	47
3799	52
4257	6
2010	2
1413	54
5003	41
1408	27
1407	9
2343	35
3670	16
4849	39
1405	48
3312	6
1404	30
2683	14
1403	49
5517	13
1402	20
5353	41
2094	52
1397	1
1394	37
4476	35
1393	10
1390	2
1389	31
1388	6
1387	31
5994	12
1879	21
1385	16
4395	34
1384	48
3949	52
3994	12
4448	12
1382	21
1380	16
2210	37
1379	42
98	14
1377	8
57	29
1751	6
1950	55
1375	28
2799	45
1372	20
4406	2
1371	26
3389	47
3194	12
1965	30
1370	41
1367	1
3418	13
5150	4
1365	33
1364	26
1362	34
1755	41
1360	50
1547	36
1355	29
1352	8
3753	37
2283	20
4289	30
1351	50
2174	22
1349	28
1597	35
1345	10
2717	3
2739	35
1342	37
1339	21
1985	41
1337	11
1332	5
3222	36
2401	6
5223	1
1331	10
1330	50
1386	47
1328	29
1807	1
4069	13
1327	11
1326	52
1322	55
1320	50
1316	21
5516	47
1314	18
1313	4
1307	27
1306	48
1304	34
1300	31
3487	34
1299	4
1438	10
1298	12
2645	48
1294	41
1293	47
1291	8
1764	28
1289	36
3199	33
4329	1
1282	24
2082	38
3043	42
2006	7
5878	26
3275	39
1281	34
1280	55
1621	34
1278	12
4994	49
1277	26
2034	14
1276	1
1285	25
4722	1
1934	8
19	52
1270	33
5504	54
1267	14
2072	5
2039	36
3645	32
4070	13
2459	7
3321	30
1264	49
2133	8
4654	51
1262	49
5968	45
1261	33
1259	6
2905	20
4997	52
3643	1
1368	6
1258	20
1256	41
4992	41
1254	47
2942	32
1252	52
1251	45
1409	53
1246	1
2219	10
1244	30
2869	33
3108	8
5233	47
1647	50
2214	12
89	22
1243	5
2040	5
1242	6
4128	10
1978	1
1240	33
4429	49
1334	37
4945	47
1559	35
1238	28
2713	48
3571	45
1236	10
1924	37
40	34
1230	22
2323	18
2123	5
1228	10
2107	34
3879	30
1227	37
3750	51
4094	26
1577	38
1226	55
2960	41
1338	2
2954	14
4811	3
1636	53
1224	10
2294	34
1223	51
1217	47
3028	21
1553	10
1411	34
2317	52
1638	5
1215	4
3413	42
1213	41
1212	34
1211	52
1209	7
1207	8
3862	38
1239	1
1204	53
4775	10
3371	10
1503	24
5112	51
1199	1
2844	20
1198	33
4684	50
1229	31
1195	28
1358	45
1707	48
38	42
3139	42
1885	34
1190	3
1189	34
84	25
1188	10
1187	38
1186	10
5481	6
3382	41
1185	4
1677	13
1184	45
5933	48
1182	14
1426	33
1572	1
1179	38
1486	41
3712	6
5649	49
1178	12
1176	16
1837	10
2854	52
1174	53
1173	34
3143	1
2758	48
1172	49
5491	49
3891	6
1798	28
2638	39
1170	10
4011	7
1168	3
1167	2
1164	22
1684	51
1163	51
1301	8
1162	52
1161	50
1160	18
1159	25
3590	12
1158	32
3476	55
3629	12
4676	34
1715	2
1157	8
2953	1
1156	48
1155	53
1152	25
2087	29
4792	33
1150	31
1149	5
2759	16
3469	28
1145	49
4901	55
4700	30
1144	30
2108	5
2381	8
4098	34
1975	28
1142	26
3463	29
5808	14
1141	49
1140	27
1604	21
1138	33
4878	51
4443	16
1137	45
2090	35
1135	26
1607	55
4369	16
1133	22
5669	54
1816	32
1132	14
54	35
3986	36
1129	37
3398	35
1427	8
2330	16
1127	51
5865	39
4922	10
1125	48
1392	28
3829	50
5317	11
1124	5
1119	21
5070	27
3924	22
1118	51
1117	10
3483	12
1115	41
5238	37
2785	31
1110	1
1109	36
3622	34
1383	48
5141	49
1250	36
1107	41
35	36
1787	1
1247	45
4368	41
3521	26
4185	5
1105	54
1103	30
3218	33
5192	42
2030	47
1102	8
2003	32
1101	10
3357	12
1963	34
5578	48
4035	55
1100	6
1099	51
1098	14
1517	38
5647	11
4575	10
1474	16
3561	5
2725	27
1097	10
4975	8
1096	28
1093	33
4814	47
1882	38
1087	21
1366	12
1085	31
3794	10
4690	52
1084	39
5919	22
1083	33
2904	13
3876	34
1082	10
36	1
1080	10
1490	37
1081	26
1078	28
1743	22
3513	16
1077	3
4910	52
1075	41
3672	14
1074	1
4591	2
1072	18
2866	10
1070	55
1068	49
1067	5
4809	35
1853	37
2875	35
1065	55
1064	53
1063	28
1059	53
3196	3
1116	21
2639	34
1057	6
1056	35
1610	5
4453	9
1203	33
1499	28
1055	52
2218	14
3796	34
1053	9
1374	36
1052	1
3954	9
4681	5
1729	48
1051	52
1297	54
3486	37
3153	33
1050	21
1049	5
3294	25
1048	41
1047	39
1046	54
1255	39
1045	10
3526	1
1044	1
1961	5
1066	18
1716	51
1043	50
4387	29
2701	41
5927	41
4661	4
1784	8
1042	1
1041	41
4292	41
1805	2
1040	53
3914	48
1039	37
1038	10
1037	55
1932	10
4738	13
2874	38
1036	41
1035	30
3142	14
1034	45
1817	24
1030	35
2836	37
3183	45
1029	35
5797	28
1422	52
1028	47
1241	51
1027	8
1025	41
1640	48
1169	47
1151	9
1024	10
2731	7
3517	51
1693	6
1020	50
1378	1
1018	5
3553	24
1013	24
1987	5
1012	41
1011	8
1010	24
1946	22
5468	13
3289	4
1009	21
5588	1
1005	41
1721	4
5634	34
1001	16
1922	8
1000	49
1305	6
1357	35
998	29
3775	41
6035	5
1944	16
996	48
1720	3
994	41
990	8
2213	52
1309	10
986	33
5782	41
984	22
4217	45
46	5
982	52
4053	5
3591	51
979	13
1622	20
973	26
3534	34
963	52
2205	33
2607	14
961	30
1552	41
959	28
3141	18
957	50
947	51
68	5
1335	48
945	10
1811	5
2682	31
3359	8
4894	16
1208	2
1406	33
943	36
3186	34
1220	2
942	16
2771	35
3621	50
941	34
1810	10
92	18
936	31
935	54
932	16
3822	29
930	50
2227	26
1350	48
929	28
1344	4
926	4
1770	38
918	30
4563	34
1861	1
916	48
1069	31
5882	10
3660	11
915	30
910	6
2923	36
927	14
1554	16
4939	5
3120	42
4237	21
906	48
5404	45
5001	31
2336	26
5220	1
1859	31
904	32
2373	22
3019	50
903	2
2852	52
901	10
2045	16
3815	49
899	34
3648	41
4039	2
1445	18
4739	8
897	34
63	49
5615	22
2161	14
5336	35
896	12
895	52
1653	41
2551	54
893	27
5135	12
892	3
890	2
1705	4
5378	1
889	2
2783	22
1820	10
4428	41
886	28
2061	53
1315	1
884	20
5734	34
933	29
882	1
1962	52
880	21
1858	7
869	1
1194	45
3228	14
867	53
5653	31
3240	8
4919	41
866	41
862	26
3107	6
861	45
4487	42
860	52
4365	24
1700	5
856	52
5497	8
854	5
853	29
2422	52
5521	6
4276	41
852	13
1183	49
851	1
850	54
1432	53
848	55
3873	32
847	30
845	37
61	10
841	10
837	4
4896	29
2388	37
836	16
1594	13
2964	48
833	41
1263	21
832	48
5099	5
831	4
3378	1
5235	28
830	16
2183	10
3237	10
5778	6
5134	52
2985	5
829	4
883	28
827	55
4920	14
1608	51
931	48
2084	49
2111	16
4165	34
1927	2
2109	2
822	28
821	49
1672	54
5900	39
1113	55
3882	48
873	10
1002	48
3451	27
3661	53
810	30
1442	39
808	45
807	42
3391	39
805	52
4437	50
1324	31
4228	8
804	53
803	1
2718	3
5320	37
801	42
2873	45
3892	8
800	37
798	41
797	49
1589	24
894	8
795	51
1656	41
793	41
2405	45
790	31
1257	41
789	38
788	13
3140	26
4404	39
786	28
815	14
2721	38
2918	35
1279	30
785	20
1775	29
782	9
1528	1
781	34
1495	5
1019	54
2008	30
780	42
1972	1
3067	48
783	10
1914	1
779	29
3482	5
1329	41
777	12
972	14
774	48
773	12
3549	31
1747	5
769	21
1274	39
768	16
2753	45
5018	14
766	35
2345	52
770	34
4762	8
762	34
757	39
792	50
755	24
753	33
2668	28
2826	24
3528	35
1058	6
2136	54
752	2
1091	8
1004	27
1666	29
1290	47
751	21
750	34
2629	36
2202	29
5766	29
1446	21
745	29
744	10
5304	47
948	29
742	55
767	41
740	53
1153	10
934	29
4558	41
738	13
3069	1
737	1
970	12
5093	26
735	28
734	6
2632	1
5728	8
4445	29
731	4
3025	49
4075	41
4376	9
1676	41
729	26
4055	34
799	47
5471	42
3056	33
1007	36
728	11
727	33
725	52
30	16
724	16
2576	8
5322	37
1062	11
721	30
720	5
3509	26
763	55
4212	29
818	26
3447	34
90	26
717	33
4202	22
3791	21
716	1
923	12
713	29
3734	37
1717	39
3848	20
2659	41
3136	36
2851	9
708	53
1939	26
707	34
5975	45
699	24
2606	30
4976	35
1424	5
5989	47
698	5
736	14
2935	8
3324	10
5498	16
692	26
691	21
1536	1
4517	16
690	45
4330	1
689	12
3030	6
685	48
51	1
682	24
3962	51
2595	1
5389	12
1595	34
60	1
4750	1
711	42
679	10
678	27
1017	11
1772	16
3761	49
1877	54
5062	55
676	4
3655	53
674	36
3830	11
4061	49
673	27
857	35
671	30
2154	53
1361	2
5190	24
1533	48
4560	45
953	28
5083	2
4740	48
670	18
2047	1
2215	8
3925	52
902	52
6010	35
668	29
2912	37
4921	14
1692	37
3820	5
2325	8
4883	6
665	45
2042	25
664	34
2155	49
3759	37
693	36
842	28
878	41
3603	10
1725	42
806	1
663	22
1682	4
2999	13
4051	10
660	27
4579	55
659	5
658	45
2728	48
5542	31
819	32
687	24
657	45
1202	21
3355	37
754	22
2767	27
656	36
920	22
1436	50
3772	31
3833	29
1139	49
3915	6
732	28
655	50
3170	3
4074	30
1399	30
746	7
653	12
3061	52
759	16
1696	31
5637	45
649	24
5842	47
4874	45
648	20
647	33
645	12
3304	45
4966	28
2026	28
644	39
1114	45
3344	55
643	13
4977	20
642	25
4260	42
641	10
3683	11
3027	13
825	1
640	28
2746	28
5228	25
1905	34
962	6
639	48
2838	1
1704	53
638	29
2285	41
1094	1
637	13
730	5
1886	13
718	10
3951	8
1491	13
636	51
1890	31
634	50
1346	33
1400	30
633	52
3409	5
1428	34
2562	39
814	10
5149	1
3118	11
3267	16
632	36
5565	18
631	24
995	31
5067	8
1541	31
629	18
1976	13
5080	45
1333	16
2238	11
628	4
944	33
2194	42
3857	55
625	27
4794	18
1071	18
624	41
623	31
791	54
1982	5
2228	1
622	22
1626	41
620	2
619	33
956	37
1418	8
618	34
3122	35
5401	27
616	34
1395	14
1232	20
614	27
612	28
1942	5
1480	28
613	8
2135	33
5012	16
4759	26
611	8
5248	42
2416	10
3880	52
1469	5
607	33
4927	49
4300	1
606	48
5426	16
3219	16
5185	20
604	13
2014	21
602	26
968	48
601	32
1032	4
600	49
599	34
2067	13
3471	7
1860	6
1014	21
1694	12
1234	30
2099	49
1881	14
1104	22
5530	9
597	39
2628	31
5952	54
615	7
596	36
595	41
594	28
2946	28
4481	5
761	7
4386	5
1889	14
5518	49
688	3
4168	21
4116	12
1949	32
593	55
5241	13
5221	31
3743	1
587	51
586	51
695	6
584	33
583	39
987	16
4862	1
581	25
4865	52
1868	30
580	41
5359	1
578	26
1022	41
12	48
576	22
816	29
575	7
574	35
573	48
1308	10
911	1
3026	48
1245	5
3441	12
5154	34
677	21
3716	31
570	9
1543	35
569	2
2798	34
3330	22
1826	30
2386	30
980	14
4373	11
567	48
3742	24
5839	47
1971	27
566	54
1723	33
1681	34
563	30
870	41
2598	12
562	42
939	33
561	7
843	54
3233	34
764	29
812	52
3346	30
560	1
2086	8
610	22
784	45
2165	2
559	9
557	37
556	20
3905	26
555	47
553	36
2071	47
552	8
1919	29
5709	16
1193	5
2177	33
1015	33
551	53
5402	9
547	3
546	27
3698	30
2037	51
1549	48
4618	55
544	10
4743	16
1899	41
541	1
540	12
3574	1
1325	39
2017	51
2384	48
838	21
921	31
539	1
538	9
2315	33
536	18
1233	48
2166	4
2938	22
2732	18
535	35
1633	45
3402	12
1511	1
1502	31
3972	25
534	34
3387	34
564	34
1130	18
3745	31
3831	18
532	21
3379	51
530	21
898	31
1752	49
528	22
5821	53
526	34
844	30
5603	47
1191	10
4136	52
525	26
522	27
521	20
794	55
937	10
519	37
4140	2
733	41
518	41
603	42
3386	22
1253	3
666	4
517	47
3420	34
516	4
515	42
2190	24
3696	11
508	5
667	24
2675	47
506	1
505	25
503	3
3105	16
5853	42
502	10
49	48
2328	41
2476	16
499	45
627	41
1964	16
497	14
3871	30
4796	8
3495	34
5081	4
2000	36
811	25
1862	18
3249	28
2376	7
3475	5
489	54
2525	47
5294	34
1273	51
3492	35
2497	3
488	34
481	21
1741	7
2366	41
3187	48
891	38
480	2
3834	28
1590	37
479	28
1323	18
478	27
5706	28
2025	4
4968	10
476	35
1986	30
1440	45
473	11
1983	31
472	41
1542	33
3793	36
5854	36
4174	53
2304	52
469	52
5739	54
465	14
2057	25
4178	50
1092	26
4408	48
1708	4
554	1
464	1
3244	53
4746	42
460	29
1709	25
2972	36
1219	4
2575	42
960	8
462	55
1984	35
4758	30
2652	10
617	41
459	41
3515	35
1687	55
2322	37
2352	14
3713	41
457	41
455	22
2641	16
1815	26
451	9
2226	7
448	8
4530	14
4503	34
868	21
447	34
5272	47
548	21
445	41
442	39
652	34
824	1
696	13
4708	30
572	39
2552	34
981	8
440	7
2097	29
4377	13
702	48
2263	42
4552	8
1947	35
439	10
2733	55
3878	41
1769	53
1526	13
438	27
609	22
435	9
1970	39
454	34
2982	8
5367	13
4577	5
2176	14
4783	51
828	22
3628	16
4500	20
432	41
2268	10
3869	34
5549	5
430	27
1525	1
48	34
992	26
1952	1
5263	22
1801	14
423	21
3782	34
1648	30
700	16
419	8
413	26
1643	36
409	45
5915	5
1197	54
4367	11
3316	11
405	22
905	38
2496	3
4541	10
404	41
1923	53
402	42
1354	41
3000	31
1023	41
1482	12
399	39
397	12
5326	35
1773	41
1929	31
395	50
2116	41
758	53
2079	39
704	55
2516	41
393	24
392	52
16	1
391	6
900	1
3008	10
4578	5
1849	54
1089	16
3623	6
513	27
4729	10
390	53
5696	10
389	4
1265	5
388	16
386	52
4056	1
433	41
4551	11
382	48
1930	53
381	8
380	24
3035	18
378	8
1147	8
3362	47
494	7
377	39
907	39
651	9
2499	9
1177	1
376	22
1730	52
374	30
373	30
2240	3
4054	29
372	38
2697	1
5748	51
1295	30
371	35
3396	34
369	36
874	45
410	5
3144	18
1814	7
414	37
3317	16
366	10
3608	33
365	37
5572	50
3501	39
4291	54
1381	1
3272	34
417	30
1451	34
1774	22
362	41
3936	27
1122	1
492	33
2269	32
5939	41
697	37
989	54
2615	30
4065	27
2807	32
3400	8
1343	27
361	26
1026	30
45	16
1312	24
3058	39
1221	16
356	8
2277	52
5106	5
621	30
2064	48
3436	30
355	34
4226	21
1523	42
2578	54
3727	26
3579	54
354	29
352	48
4285	4
3803	4
351	21
349	26
2200	20
1800	48
3694	31
345	37
2822	30
1284	21
346	18
344	34
1669	30
1625	49
358	20
5775	12
2472	1
343	54
340	48
1535	39
1496	35
1086	6
335	32
334	50
3005	7
5399	10
1456	37
2313	10
403	30
4755	10
333	8
1359	13
396	38
5922	39
1675	21
332	47
2882	55
375	28
4868	37
331	16
3481	27
5785	37
520	41
329	16
881	54
630	31
328	21
1108	2
326	47
5956	2
865	24
3205	25
324	41
846	8
3296	9
367	49
3965	30
2561	35
73	16
3710	54
319	48
2055	31
3265	22
318	5
317	34
5305	5
316	48
3931	1
456	31
315	20
608	7
2265	45
4166	6
1995	12
314	34
2623	31
5373	36
543	54
2727	20
313	37
311	30
5393	21
321	24
2574	35
2609	41
3156	22
5869	39
1180	21
310	38
1778	33
384	11
2508	24
5265	48
2139	14
1703	24
1546	50
858	9
1900	35
308	22
1398	31
2129	53
3616	7
5086	31
760	48
3906	8
5594	12
307	6
626	1
975	8
5309	53
1396	7
306	50
5460	41
305	33
5719	31
1657	51
304	3
303	10
1918	8
424	14
302	4
300	6
299	31
2255	16
500	52
298	18
2248	52
297	10
3428	1
775	13
988	41
545	47
5670	28
5311	21
5300	22
293	41
1128	13
2296	39
3047	27
796	53
292	49
353	36
291	7
1902	14
1136	5
290	22
289	39
2998	3
976	37
588	34
1992	48
288	26
5604	5
287	7
3052	50
885	1
496	10
2197	52
1617	18
1016	51
283	29
3151	1
1369	9
2792	21
3150	35
1061	50
482	34
5213	39
281	10
280	28
274	27
3018	34
272	12
3894	52
3897	18
2309	45
3544	10
3874	1
5923	35
2800	45
271	6
3950	35
491	1
270	31
269	22
325	6
5599	37
1341	54
778	41
2120	4
3164	10
1781	1
703	53
4100	28
1603	34
268	10
267	2
394	34
1303	27
3335	21
1871	39
1507	39
5180	26
4299	24
712	12
3691	52
4952	12
1578	21
368	53
266	55
1897	34
2272	54
265	30
2829	27
486	41
264	18
3884	51
260	31
971	1
1544	14
72	35
5006	48
4679	37
967	8
258	22
5570	18
1928	10
436	41
255	54
1848	48
1095	49
2553	1
254	12
813	24
3647	5
243	27
5663	31
511	1
1803	13
1688	9
241	2
401	37
4669	32
1412	50
236	33
2714	54
1680	13
917	9
1121	32
233	10
1505	13
3493	1
232	41
2201	52
228	2
37	10
1348	7
1269	1
1373	18
694	2
224	51
217	25
1201	6
3033	10
4682	52
2479	36
3040	28
4933	33
756	29
5848	7
214	24
585	38
212	34
3394	36
6001	37
2051	1
1166	16
705	3
877	8
5793	47
4573	41
888	21
210	1
3598	35
59	45
1260	2
5759	10
208	10
1363	16
1196	34
2782	20
2560	16
206	34
1112	31
244	21
3401	47
62	30
327	26
205	38
242	10
1266	50
1181	6
204	50
2507	8
3411	31
1443	10
2699	49
3160	27
203	6
4440	10
194	5
2436	39
1218	2
240	20
5108	13
211	28
2450	4
5278	41
2411	24
1429	28
5289	1
26	34
5020	14
675	29
2068	52
1134	35
5661	52
261	32
2019	6
3771	8
1989	39
2117	52
193	8
3132	34
3730	32
229	14
3361	52
1287	36
463	52
1143	48
192	47
509	13
190	10
3558	52
1060	41
277	4
4318	41
2716	48
188	39
952	14
5143	1
823	37
2015	42
1090	1
185	22
4856	26
2333	49
2665	28
4470	14
348	31
809	22
2766	10
184	26
2326	26
1231	28
871	13
2207	37
1698	51
1537	45
182	45
3443	3
5264	47
251	8
5921	47
5435	24
3982	55
177	3
3981	52
52	48
1268	10
179	8
176	7
2994	42
2138	8
3842	52
407	50
3594	10
5236	7
175	53
75	45
2539	2
3243	34
5716	31
173	11
3974	45
4197	8
1628	26
2298	20
5625	9
170	10
169	27
1832	28
924	52
5781	45
1901	42
3291	5
168	6
5319	34
2041	31
3089	26
3135	7
527	29
4438	1
165	51
5079	52
309	47
253	34
164	13
1614	34
196	48
162	29
531	7
4251	9
161	13
474	42
159	48
1318	10
259	9
347	45
5419	4
1892	10
1310	35
437	5
4151	50
158	10
3851	30
490	48
246	10
155	34
887	16
701	51
181	28
1529	6
154	45
5528	34
1148	27
5633	42
149	14
2527	8
301	21
167	34
5164	18
147	5
189	50
3075	34
5703	45
1003	29
993	24
1205	32
146	12
2301	12
4824	41
1079	8
4715	52
3257	1
144	1
5354	14
1111	21
416	34
142	16
1780	3
3885	27
322	13
139	8
5044	1
222	2
2855	30
5408	48
4954	10
138	37
1	9
137	16
135	49
912	41
5208	13
4424	21
133	35
131	52
1600	2
772	7
1790	50
129	11
1414	14
872	4
2945	29
938	50
209	3
5965	16
1699	41
163	10
820	34
248	13
2243	6
5909	55
132	33
2642	51
571	34
4346	9
1575	41
127	34
443	18
2481	1
2890	36
441	6
126	12
955	13
122	5
121	26
3642	12
4050	45
5519	12
5427	29
1748	51
1006	24
237	47
529	11
1876	3
1460	41
1794	38
256	30
3738	34
148	5
2162	45
669	53
715	29
23	8
1477	1
2859	51
111	8
4019	54
5686	54
108	54
2332	4
1473	13
2610	6
1088	54
4748	48
172	51
4132	3
102	9
128	35
1620	34
1347	55
477	30
450	14
4401	39
187	25
398	10
6000	5
2046	37
1356	4
130	37
5349	12
1678	25
118	3
4327	37
1580	1
840	10
4133	18
1959	14
776	29
1321	51
686	31
507	35
5466	10
2786	22
2744	12
4465	23
2427	52
195	39
3332	12
4279	28
341	11
1981	22
2991	41
199	10
2987	25
3072	7
3980	47
434	9
4540	55
4038	30
5920	7
4734	9
4990	34
4049	31
452	6
109	52
3577	27
3213	1
977	36
1530	41
104	26
524	24
1777	29
2794	21
2842	1
4205	41
1485	36
216	48
495	13
3090	16
411	6
914	54
549	21
1635	33
537	30
4042	20
475	29
974	29
1652	34
247	7
152	10
839	37
2567	10
4120	32
379	33
835	53
70	52
350	4
859	41
2121	14
323	54
3714	42
3342	24
2671	26
2032	8
2029	51
2418	5
908	52
493	4
4737	4
5475	55
2925	49
278	41
1311	35
2729	39
1763	29
2599	31
3917	10
123	34
2299	30
913	30
3159	38
114	1
3889	16
55	53
4477	6
5861	48
5957	13
180	31
2961	5
412	28
876	21
5488	38
3945	15
3013	33
3767	21
1735	4
2358	30
385	37
4911	34
125	8
119	30
2334	18
5926	47
387	8
178	32
1008	8
3	38
1586	22
234	51
3562	14
1248	38
2440	1
650	6
1483	37
136	2
855	8
4574	3
3103	21
1562	25
4044	41
542	45
5442	29
106	18
2148	8
471	7
1819	31
342	49
1845	30
954	31
5970	21
2741	13
1286	28
3798	13
6009	31
834	1
470	18
4624	54
112	39
2164	12
3778	8
1302	1
3172	32
2564	38
3832	37
5746	5
1123	6
3082	45
5674	5
966	18
420	34
1612	21
1073	14
514	50
415	36
1376	18
5024	18
370	16
1336	52
3063	7
3014	41
3331	25
5201	24
296	26
680	27
1171	51
5514	7
336	2
3895	9
1997	51
124	54
654	51
2	45
709	21
1076	37
245	10
1476	1
2329	32
3444	50
3921	35
504	13
1840	2
1054	25
5544	48
3825	10
5056	16
1319	52
466	16
4555	47
453	37
1237	36
997	55
4832	38
1214	32
276	48
107	1
2801	25
1484	47
1146	47
3827	7
151	34
1759	11
589	4
743	42
722	10
5433	37
140	34
2286	10
5868	27
468	30
116	29
2361	30
2672	34
592	45
5065	10
4106	31
741	7
683	18
2517	1
1210	51
458	10
1206	5
3578	42
605	1
2144	2
1998	54
202	3
3922	32
1272	37
2282	36
4801	5
157	10
582	33
3679	8
4396	25
273	22
4781	18
100	32
2677	7
3180	34
3341	8
958	54
1634	21
565	29
2469	34
1512	50
1839	41
771	54
1459	10
1977	33
1968	6
1216	30
134	25
5810	47
501	39
2709	1
723	9
1843	34
2288	1
719	12
220	1
4928	41
4249	18
523	21
2566	31
427	30
2907	34
201	5
1738	16
426	14
4063	21
1296	6
3751	14
215	5
4316	20
983	2
510	10
1948	27
748	51
672	49
145	51
1768	25
598	48
1391	12
103	36
4022	54
4797	32
156	6
714	13
3282	37
1031	45
143	10
4095	37
357	21
282	34
4287	51
487	34
2011	5
3179	40
1624	41
5735	18
2572	11
922	41
5142	28
285	39
2075	53
4130	32
951	33
2186	33
221	27
24	51
3081	6
5641	51
747	54
449	30
558	34
2684	14
1235	46
498	47
120	20
1690	26
250	54
1154	12
3901	35
238	16
4107	39
226	39
928	31
4816	27
739	1
4312	27
4333	21
1788	30
3752	30
3178	44
5871	42
879	9
1283	29
5195	52
2834	39
550	14
4774	34
1855	32
1033	49
826	34
2821	39
2004	25
1175	13
383	34
3049	20
5875	38
249	34
295	3
2305	52
225	34
428	31
4473	38
1192	50
2752	51
4793	27
239	11
965	4
484	1
200	12
5214	34
312	10
3787	34
2831	50
4527	36
79	54
3319	5
4484	33
279	41
230	27
3425	13
3725	6
4561	37
875	11
2069	28
2924	10
684	11
1450	49
1583	6
4204	36
186	49
320	2
3046	26
3667	39
1695	31
817	33
6030	26
408	31
2853	51
5905	22
275	11
337	31
1754	21
5545	1
646	2
4870	55
969	29
0	51
3268	27
5420	16
213	4
5494	10
1275	1
3587	21
909	55
4942	34
174	37
2100	3
1353	5
1225	34
949	26
330	5
4091	52
446	11
533	45
10	24
1733	8
863	50
5432	5
4670	37
4328	33
946	34
5005	41
4752	8
3724	10
5050	10
191	6
1742	18
2462	13
431	53
364	41
3703	14
3036	52
5690	13
991	10
2357	1
223	14
105	41
2033	1
4029	13
1131	25
425	12
429	8
110	28
5444	35
950	34
3285	10
1165	34
1659	18
3397	8
461	35
400	54
591	34
160	22
1120	37
284	3
5695	38
1908	30
919	54
4864	26
2515	48
1757	51
710	50
5554	5
235	7
3523	50
1200	12
4687	50
802	7
2586	14
82	45
467	10
338	12
2868	1
286	28
3352	31
2062	21
4336	37
198	29
577	8
166	8
4156	8
3507	7
4629	14
590	14
3078	27
2260	2
1818	11
1249	34
864	29
5254	50
5111	42
4780	39
339	45
3207	19
5388	35
3318	3
3686	21
257	22
2634	1
2635	41
1935	10
101	3
999	27
360	10
964	16
483	1
150	6
4201	24
1410	36
5169	16
1317	34
2220	33
2460	28
706	26
218	1
13	37
4	18
359	26
363	10
2340	39
5773	30
5693	10
3955	10
5769	50
4768	22
113	45
978	52
2433	34
3209	50
231	45
4258	34
5763	6
2022	31
1449	45
1222	50
2461	11
3964	42
5701	16
849	51
3127	37
3975	37
3542	3
5682	9
406	1
4097	9
2346	52
681	27
635	32
4904	13
117	12
985	10
197	31
4460	35
1419	31
1106	52
4821	10
4539	39
3442	51
171	10
43	50
2454	35
5252	43
1596	13
2820	10
3783	39
1271	37
568	3
4779	21
3158	14
4024	10
5858	39
5092	30
485	39
227	10
2909	55
294	12
74	24
5410	10
749	30
726	47
219	28
5103	7
444	42
418	13
2627	4
4664	49
5476	38
4152	9
2247	51
2275	28
3498	8
207	14
1515	42
422	36
263	29
925	13
1126	51
579	41
252	41
1021	55
421	7
4486	21
2663	31
1340	53
2661	1
1288	38
3066	42
5811	21
3356	16
2579	21
1641	52
3375	48
141	30
1593	50
940	10
1401	39
183	45
3843	3
661	55
1955	17
1292	38
5973	47
2013	7
3460	7
2236	50
2070	14
2297	55
4135	41
1812	34
115	53
153	36
262	27
765	41
787	35
3112	8
4627	34
1943	16
5937	14
4232	18
1497	29
662	9
1611	34
512	55
2772	16
5828	16
5443	1
2656	48
