6039	15
6037	46
6033	33
6032	28
6031	25
6029	42
6028	46
6027	28
6026	17
6025	42
6024	24
6022	48
6021	8
6020	23
6019	36
6016	38
6014	30
6011	38
6007	28
6004	22
6003	52
6000	47
5995	32
5992	33
5991	51
5987	6
5985	29
5984	11
5981	5
5980	25
5979	25
5978	46
5976	33
5974	4
5971	7
5969	42
5966	20
5963	18
5960	35
5959	50
5958	53
5955	18
5953	21
5950	8
5949	21
5948	40
5947	25
5946	37
5945	24
5944	33
5943	46
5936	8
5934	53
5932	51
5931	17
5929	30
5928	22
5925	28
5924	16
5917	47
5914	32
5912	40
5908	22
5907	5
5904	22
5903	38
5902	48
5901	29
5899	10
5898	38
5896	46
5895	53
5894	47
5891	37
5890	51
5888	15
5887	1
5886	29
5885	21
5884	47
5883	42
5876	14
5874	4
5870	47
5867	11
5866	14
5864	49
5863	54
5862	20
5859	50
5856	16
5852	37
5851	1
5849	33
5847	1
5845	10
5844	46
5841	27
5840	1
5838	54
5836	32
5835	54
5834	11
5831	11
5830	21
5829	46
5826	35
5825	18
5823	32
5822	49
5818	17
5817	14
5815	20
5814	37
5813	47
5812	28
5807	31
5805	25
5804	43
5803	46
5801	33
5800	34
5798	47
5795	46
5794	21
5791	41
5788	46
5787	32
5786	1
5784	4
5783	14
5780	20
5779	35
5772	20
5771	38
5770	3
5768	47
5765	24
5764	5
5762	1
5760	50
5758	1
5757	31
5756	26
5755	46
5754	1
5753	12
5752	27
5751	11
5747	40
5744	4
5743	16
5742	10
5738	47
5737	21
5736	11
5727	50
5725	31
5722	34
5720	10
5718	38
5717	41
5714	27
5712	53
5711	28
5710	17
5707	42
5705	18
5702	33
5701	11
5700	23
5699	24
5698	26
5697	21
5708	28
5694	37
5692	33
5767	29
5691	39
5689	47
5687	8
5684	51
5683	21
5681	32
5680	11
5678	28
5677	37
5676	12
5675	53
5673	11
5672	29
5667	27
5665	40
5664	47
5662	34
5660	25
5657	43
5656	35
5655	46
5654	41
5651	40
5648	41
5646	8
5645	3
5643	24
5642	1
5641	52
5636	38
5635	21
5631	48
5629	26
5627	27
5626	21
5624	15
5622	7
5621	30
5620	7
5619	5
5617	35
5614	12
5613	21
5612	50
5610	27
5608	33
5607	11
5606	50
5833	46
5605	46
5602	29
5601	39
5598	35
5597	35
5596	22
5595	26
5592	23
5591	37
5590	46
5589	11
5587	10
5586	14
5584	26
5583	46
5579	16
5577	13
5576	38
5575	23
5573	36
5571	8
5569	21
5568	50
5564	18
5563	46
5562	40
5561	24
5560	41
5559	49
5557	49
5555	16
5553	42
5551	46
5550	33
5548	46
5547	6
5546	50
5543	51
6006	28
5541	33
5540	43
5539	43
5535	7
5533	36
5532	43
5531	38
5529	12
5527	10
5526	17
5524	24
5522	23
5515	41
5513	20
5512	29
5511	44
5510	21
5508	46
5506	14
5505	20
5503	21
5502	11
5500	16
5499	11
5496	5
5495	39
5493	43
5489	48
5488	4
5962	34
5486	49
5484	37
5483	27
5482	24
5480	20
5479	50
5478	12
5477	24
5472	5
5776	10
5470	54
5467	18
5462	25
5459	47
5454	13
5453	10
5452	34
5449	16
5448	48
5447	15
5446	29
5580	28
5445	25
5440	31
5439	11
5437	40
5434	17
5429	52
5428	11
5425	32
5422	10
5421	30
5418	15
5417	1
5415	11
5414	30
5413	44
5412	4
5411	34
5525	25
5409	38
5407	52
5406	11
5405	29
5397	20
5396	26
5395	42
5394	46
5392	10
5391	11
5390	46
5387	17
5385	48
5384	49
5383	52
5382	46
5381	13
5380	19
5379	20
5377	14
5375	31
5374	53
5372	49
5370	26
5365	41
5364	35
5358	32
5357	43
5940	47
5356	39
5355	22
5351	29
5350	36
5843	49
5348	12
5344	32
5474	7
5342	54
5341	5
5339	6
5338	5
5333	55
5332	12
5330	8
5329	10
5328	1
5325	30
5318	23
5315	14
5314	46
5313	20
5308	14
5307	49
5303	20
5302	11
5301	24
5298	37
5297	42
5632	37
5296	17
5331	28
5293	18
5292	8
5291	33
5290	10
5286	44
5284	51
5283	4
5282	23
5281	50
5280	44
5279	20
5277	37
5273	11
5271	19
5942	11
5270	1
5269	42
5268	26
5266	46
5262	28
5261	38
5260	31
5258	10
5255	21
5253	35
5252	25
5250	6
5247	50
5245	39
5244	46
5243	20
5242	49
5240	30
5237	46
5234	49
5630	47
5232	47
5231	34
5230	27
5229	5
5226	48
5222	18
5219	7
5218	28
5792	33
5287	46
5216	34
5215	20
5210	3
5209	43
5206	29
5205	54
5204	34
5202	24
5200	25
5198	54
5197	6
5196	33
5398	49
5194	33
5191	14
5327	11
5186	37
5184	43
5183	6
5182	41
5181	44
5179	25
5178	47
5802	53
5177	50
5175	38
5174	20
5173	46
5172	48
5740	37
5171	12
5360	16
5170	36
5168	5
5167	53
5166	34
5163	10
5162	16
5161	17
5227	39
5159	11
5157	43
5156	25
5155	7
5153	17
5152	1
5151	38
5148	22
5147	40
5146	47
5145	46
5144	20
5140	42
5136	53
5132	20
5131	25
5129	10
5128	37
5125	12
5124	33
5123	15
5122	55
5121	20
5119	31
5118	30
5117	48
5114	40
5110	1
5109	43
5107	12
5105	24
5104	29
5102	5
5100	38
5097	25
5096	46
5095	26
5321	24
5094	33
5090	7
5088	30
5087	42
5085	15
5084	25
5082	41
5872	28
5078	47
5077	37
5076	26
5072	37
5071	36
5069	7
5066	33
5064	16
5063	10
5061	20
5060	50
5059	43
5239	53
5058	17
5057	33
5363	7
5054	33
5052	34
5335	27
5047	29
5046	18
5045	21
5042	24
5041	12
5038	47
5037	15
5492	12
5035	14
5032	33
5031	6
5030	11
5026	14
5025	21
5023	33
5021	43
5017	25
5016	37
5015	40
5014	1
5013	37
5011	38
5009	43
5008	43
5007	26
5004	12
5002	49
4999	21
4998	19
4996	38
4995	47
4993	42
4991	22
4989	11
4987	11
4986	48
4985	49
4984	28
4983	15
4982	30
4981	27
4980	15
4979	12
4978	21
4974	44
4973	33
4972	29
5713	38
4971	42
4969	43
4967	37
4965	27
4964	48
4963	1
4962	41
5761	16
4961	1
4960	31
4959	46
4958	8
4957	16
4956	21
4953	30
4951	6
4949	26
4948	39
4947	1
4946	10
4944	31
4941	31
4934	11
4932	15
4931	7
4930	38
5450	27
4925	38
4924	30
4918	8
4917	34
4916	1
4915	53
4913	41
4912	11
4906	25
4904	10
4914	34
4903	1
4902	10
4899	20
4898	26
4897	26
4895	55
4893	27
4892	42
4891	42
4890	30
4889	12
4886	7
4882	52
4881	3
4879	46
5806	40
5386	1
4876	47
4875	11
4873	10
4872	33
4871	17
4870	20
4869	29
4867	49
4866	21
5251	10
4860	47
4859	47
4858	19
4857	10
4855	33
4854	35
4853	25
5827	20
5130	32
4852	36
4847	48
4846	10
4845	20
6008	41
4841	46
4840	13
4839	24
4838	20
4836	44
4835	54
4833	8
4831	8
4830	15
4829	49
4827	24
4826	14
4825	31
4823	12
4822	26
5034	44
4820	12
4819	38
4818	44
4817	37
4813	18
4810	33
4808	25
4807	32
4804	20
4803	38
4802	14
4800	28
4798	6
5288	25
4791	46
4790	26
4787	44
5726	51
4786	20
4785	7
4784	12
4782	4
4779	10
4777	19
4773	4
4771	25
4770	15
5769	15
4768	22
4767	40
4765	20
4764	25
4763	30
4843	54
4761	10
4760	47
4757	54
4756	11
4754	46
4753	3
5507	51
4751	46
4749	16
4747	12
4744	8
4742	33
4736	3
4735	4
5920	4
4734	10
4733	37
4731	21
4728	12
4727	7
4724	32
4723	11
4721	27
4719	51
4718	17
4717	52
4716	33
4713	33
5715	34
4711	33
4710	44
4706	11
4705	4
4703	23
4702	14
4766	46
4701	47
4698	48
5451	18
4697	20
4696	52
4695	55
4694	38
4693	43
4691	38
4689	49
4688	13
4686	8
4685	25
4683	10
4678	51
4677	14
4675	11
4674	18
4673	36
4672	21
4745	44
4671	14
5432	7
4670	48
4668	52
4666	10
4665	1
4664	36
4663	20
4660	31
4659	19
4658	41
4655	18
5075	6
4653	29
4652	15
4650	46
4649	8
4648	43
4646	1
4645	39
4643	47
4642	6
4641	36
4639	23
4638	30
4637	17
4636	12
4634	18
4633	43
4632	52
5954	16
4631	3
4630	47
4629	40
4626	19
5873	4
4625	7
4623	14
5073	1
4622	14
4621	36
4620	49
4619	39
4614	4
4612	17
4610	12
5733	15
4609	44
4608	44
5777	42
4607	53
4606	26
4605	53
4603	8
4601	6
5436	31
4600	48
4599	44
4597	25
4596	14
4595	8
4699	16
4594	37
4592	12
4590	23
4589	40
4588	30
4587	50
4586	20
5113	52
4585	39
4582	43
4581	36
4580	19
4571	52
4970	33
4566	39
4564	11
4559	7
4557	46
4554	24
4550	10
4549	14
4547	14
4546	14
4545	47
4544	14
4542	21
4821	19
4539	19
4538	46
4536	29
4570	41
4535	4
4534	32
4533	48
5036	24
4532	41
5049	24
4531	5
5019	36
4529	33
5256	33
4528	22
4526	55
4521	10
4520	26
4519	5
4518	33
4515	10
4514	43
4511	5
5860	29
4509	21
4507	21
5809	47
4506	34
4502	46
4501	1
4499	20
4498	47
4497	13
4492	33
5246	51
4491	20
4490	48
4489	31
4488	34
4486	48
6038	33
4482	12
4479	7
4478	27
5861	23
4477	18
4473	47
4472	1
4469	5
4467	29
4466	29
4465	3
4464	11
4463	33
4459	35
4458	6
4457	18
4456	26
4455	6
4454	51
4452	49
4451	41
4449	42
4447	21
4446	1
4444	38
4442	33
4441	33
4436	44
4434	39
4433	38
4537	46
4431	29
4427	14
4426	53
4423	27
4422	47
4421	44
4420	55
5537	3
4419	33
5650	38
4418	14
4417	15
4414	13
4413	51
4412	14
4411	41
4709	46
4410	16
4409	11
4407	25
5618	24
4405	34
4403	41
5323	41
4402	4
4399	24
4398	52
4397	54
5340	3
4392	54
4391	38
4390	20
4388	50
4384	20
4381	41
4380	26
4379	13
4378	7
5729	41
4375	4
4372	25
4371	20
5324	46
4370	14
4366	43
5999	16
4635	55
4363	23
4360	31
4359	50
5487	18
4358	39
4356	52
4354	42
4353	1
4352	28
5022	52
4350	28
5824	39
4349	37
4348	46
4347	20
4345	39
4385	21
4344	1
4343	1
4341	44
4572	25
4340	17
5464	20
4339	11
4338	48
4335	24
5101	7
4332	42
4909	49
4331	20
5671	20
4877	24
4326	34
4324	14
4323	33
4322	44
4321	12
4320	30
4319	28
4317	7
4333	42
4312	31
4310	43
4439	19
4309	41
4308	41
5990	30
4307	39
4306	54
4305	17
4304	34
4302	31
4301	12
4298	24
4602	36
4297	26
4296	3
5796	42
4294	38
4293	24
4290	28
4288	3
4287	38
4284	44
4283	48
4282	19
5881	42
4281	38
4280	3
4278	5
4277	48
4275	43
4273	41
5275	17
4432	31
4271	42
4598	30
4270	21
4269	55
4268	3
4267	16
4266	51
4265	51
4263	38
4262	51
4259	44
5763	29
4258	55
4256	24
4255	33
4254	33
5538	15
4252	1
4928	33
4249	48
4248	17
4247	4
4246	42
4244	42
4243	14
4242	28
4240	14
4236	35
5799	14
4235	14
4233	25
4231	51
4230	54
4227	54
4225	14
4224	6
4223	16
4222	37
4221	43
4712	17
4220	33
4219	50
4218	42
4213	20
4211	27
4210	38
4209	42
5628	25
4207	29
5911	8
4206	25
4204	14
4203	31
4201	36
4905	31
4200	38
4199	42
4198	11
4196	38
4483	16
4194	10
4193	6
5850	36
4192	31
4191	38
5750	14
4190	20
4184	22
4183	55
4181	49
4180	53
4179	38
4177	46
4176	31
4173	33
4172	48
6023	28
4170	50
4169	10
4167	11
4164	53
4163	46
4161	41
4160	17
5416	36
4159	42
4157	38
4155	5
4153	11
4150	38
4149	21
4148	54
4145	43
4144	14
4143	31
4142	27
4400	25
4141	36
4139	21
4138	41
4137	49
4131	13
4127	38
4124	54
4123	44
4885	42
4121	18
5857	26
4314	44
4118	38
5346	35
4117	26
6036	25
6017	28
4364	38
4115	5
4114	16
4113	31
4175	37
4112	38
5582	13
4111	16
4110	43
4109	33
4567	24
4495	47
4325	11
4108	42
4105	53
5688	7
4104	24
4102	10
4101	22
5316	12
4099	38
4096	19
4093	35
4092	26
4090	22
4088	32
4087	41
4086	51
4085	24
5855	36
4887	25
4084	32
4082	21
4080	19
4079	4
4077	12
4076	16
4067	14
4064	42
4062	54
5566	1
4060	38
4058	19
4990	38
4049	26
4046	48
5225	27
4045	10
4042	41
4041	21
5274	11
4040	32
4540	49
4038	55
4037	46
4512	54
4034	17
4031	28
4027	32
4025	7
4023	14
4021	21
4017	28
4015	1
4010	47
4006	21
4004	5
5029	14
4003	48
4001	27
5816	14
4000	50
3999	22
3998	32
3996	48
3995	28
3993	16
3992	32
3991	32
3990	51
4355	31
3988	12
3987	50
3984	6
3979	38
4234	41
3978	52
3977	31
3973	54
5285	30
3971	14
3968	20
4073	54
3967	48
3963	27
5027	52
4741	4
3961	38
3960	42
3958	55
3957	24
5773	8
5693	14
3955	38
3952	23
3948	43
3947	30
3941	7
3939	12
3938	46
5455	30
3937	51
3932	54
3930	34
3928	32
3920	40
3918	17
3916	41
3913	5
5376	47
3911	43
3909	31
5371	39
3907	11
4415	4
3904	27
3903	44
3898	51
3896	46
3893	26
3890	33
3887	25
3877	21
6018	17
5666	1
3872	38
3867	35
3866	36
3883	18
3983	48
3863	25
3861	11
3860	40
5465	15
5120	35
4562	19
3859	36
3856	50
6012	11
4584	23
3855	38
3853	40
3976	40
3849	41
3847	47
3846	32
3845	19
3841	1
4187	38
3840	1
4837	54
3839	19
3837	20
4018	33
3850	51
3836	26
3835	32
3828	12
5988	53
3826	48
3823	21
3819	42
3818	49
3814	8
3813	38
3812	10
3811	23
3810	3
3809	43
4505	1
3808	27
5310	33
3804	47
3801	55
3800	22
4640	53
3797	47
3795	29
3792	53
3790	40
3789	15
3786	38
4471	5
3784	38
5930	28
5741	29
4129	28
3781	3
5658	35
4382	20
3780	54
3824	21
4615	11
3777	32
3774	30
3770	28
3768	12
4337	38
3766	20
4089	25
3765	50
3763	33
4357	22
3762	23
3760	31
3757	40
5461	14
3755	32
3754	10
3748	53
3744	53
3741	4
3740	35
3739	54
3733	38
3731	25
3729	27
4644	29
4383	7
3728	7
3726	21
3725	32
3722	14
3721	22
3718	51
3717	15
5640	24
3711	23
3709	50
4253	19
3708	50
3706	17
3705	19
3702	38
3701	37
3695	6
3693	8
3692	7
3690	34
3746	20
3688	35
3682	26
3681	29
5877	12
3677	42
3674	21
3673	31
3671	16
3669	38
3668	32
3666	52
3665	27
4026	37
3659	42
3657	31
3653	34
3649	32
3646	38
3644	37
5832	39
3641	46
3638	50
5534	26
3637	13
3630	27
3627	51
3626	46
3625	32
3618	14
3614	25
3612	47
4146	28
3606	23
3605	54
3604	13
3838	17
3600	12
3599	12
3597	38
3595	25
5306	42
3593	34
3592	50
3589	7
3587	31
3586	17
3584	29
3807	21
3583	47
3576	24
3575	21
3573	38
3802	38
3572	49
3570	51
3569	46
4513	39
3566	31
3565	10
3854	48
3560	50
3929	25
3559	12
5456	34
3556	18
3555	5
3554	36
3550	11
3676	17
3548	38
3547	55
3546	1
3545	1
3543	46
5906	33
3541	55
4628	14
3540	10
3539	35
3538	7
3536	55
3535	35
3529	38
3527	22
3985	53
4851	25
3524	39
3520	1
3519	12
3518	12
3514	10
5139	21
3511	44
4156	38
3507	49
3506	7
3504	33
3503	41
3502	21
3500	15
3498	32
3497	41
5997	40
3496	14
5846	32
5609	40
3494	55
3488	13
3479	36
3477	33
4988	40
3473	15
3472	12
3470	32
3468	21
3466	47
3462	19
3461	7
3459	10
3458	36
3456	40
3455	42
3454	30
5523	29
3450	53
3445	22
3440	41
3758	50
3439	40
5790	6
5259	25
4842	10
3438	44
5668	30
4863	30
3434	43
3433	35
3431	44
3430	27
3429	1
3427	29
3426	47
3424	7
5485	47
3423	41
5441	39
3966	12
3422	44
3421	7
3419	12
4313	55
3417	6
3416	33
3415	32
3414	44
3412	10
3410	7
3407	31
3406	54
3404	54
3403	17
5207	13
3399	5
3395	36
3388	32
3453	35
3385	39
4342	41
3617	21
3381	53
3377	44
3374	38
3805	22
3373	15
3372	48
3369	31
3368	43
3367	5
4926	35
3363	24
4907	37
3360	5
3707	38
3358	47
3354	54
4848	44
3353	42
3350	14
3349	53
5133	47
3348	35
3347	29
3764	38
3345	25
4943	37
4815	41
4523	44
3339	39
3640	21
3338	8
3337	19
3336	39
5998	33
5158	55
3334	19
3333	41
4315	54
3327	24
3326	34
3325	38
3323	37
3687	26
3322	30
3380	55
3686	41
5388	42
3318	29
3315	4
5935	47
4908	19
3313	3
3311	32
3310	32
3307	32
3305	43
5889	1
3303	25
3302	46
3300	15
3299	1
3298	26
3719	41
3295	51
5967	27
4844	29
3290	11
4008	8
3510	31
4548	38
3288	43
4950	15
3286	46
3942	6
3283	11
3281	33
3280	5
3756	5
3279	7
3276	26
3613	44
3274	22
3273	23
3271	21
3270	12
3269	26
4002	33
4769	14
3264	5
3260	18
3256	27
3255	13
3254	24
3467	10
3253	30
3252	15
3248	47
3247	10
3246	36
3241	28
4122	47
3239	6
3238	54
4361	18
3236	11
3231	53
3230	31
4795	18
3229	34
3227	28
3225	25
3224	30
3223	1
3221	54
3217	14
5685	21
3216	12
3215	12
3214	53
3213	46
3577	16
3212	41
3210	10
3208	48
4033	26
3204	35
3490	32
3202	2
3201	35
3568	18
3198	48
4772	35
3192	13
3190	48
3185	33
3184	8
5295	11
3182	27
3181	7
3370	1
3177	31
3174	15
3631	14
4059	7
3169	8
3245	41
5585	40
5176	48
4272	19
3167	14
3163	14
3162	21
5276	31
5074	37
3732	26
5127	31
3155	48
3596	52
3149	14
3148	55
3997	37
5820	47
3147	8
3146	35
4806	25
3145	8
3137	44
3865	46
3134	10
3133	13
3130	10
3129	40
3128	32
3124	35
5400	6
5160	26
3259	7
3117	21
3115	13
3114	2
3111	8
3110	53
3109	31
4704	12
3106	49
3104	42
3102	2
3537	41
3101	39
3899	32
5187	24
3100	23
3452	31
3099	40
3096	11
3094	24
3093	13
3166	18
3956	31
3092	15
3091	42
4508	7
4154	36
3788	26
3087	54
3086	44
3085	41
3083	55
3080	23
3079	1
3076	49
3073	41
3071	29
4850	14
4568	48
3070	14
3068	13
3065	41
3064	41
3062	36
5509	27
3060	27
3785	11
3057	8
3054	32
3053	15
3051	37
3045	51
3042	55
3039	49
3036	40
3034	8
3032	34
3675	37
3031	32
3029	11
3126	11
3024	29
3022	51
3021	5
3020	11
3017	21
3016	12
3013	12
3945	32
3522	4
3011	23
3077	10
3010	37
4295	14
3009	42
3006	24
3004	42
4014	25
3088	36
3003	47
3002	42
3251	51
3309	40
3697	51
3001	30
2997	24
3609	32
2995	32
3384	38
4416	28
3516	44
5638	11
2993	5
3048	29
2992	34
2989	15
2988	37
4726	38
2983	2
2981	33
3437	53
4929	29
2980	11
2979	8
2978	52
2977	25
3533	27
2976	20
2975	19
2974	25
3935	24
5951	43
2969	40
3012	16
2968	13
2967	41
2966	1
3165	47
2965	18
2962	10
5983	42
2959	10
2958	14
2957	51
2951	10
2950	6
3926	35
2949	24
4884	43
3749	19
2948	51
2944	40
2943	6
2941	25
3131	55
2940	16
2937	16
2936	41
4071	26
2934	42
2956	8
4043	14
4493	27
2933	16
2931	17
3320	3
2930	35
2929	11
3023	28
3531	41
2986	39
6013	37
2928	7
5475	33
4737	25
2925	41
3551	55
2922	19
2921	36
3121	46
2920	42
2919	2
2917	18
2916	10
2910	39
2908	21
2970	46
2906	32
2902	13
3250	25
3908	51
4007	55
5964	14
2901	53
2900	26
3989	22
2899	7
3580	49
5203	49
2898	32
5724	20
2896	4
2895	35
4083	33
4651	10
2894	7
2889	28
3343	10
2887	32
2878	40
4182	35
2877	16
2876	22
2871	26
2870	22
3278	27
2865	31
2864	13
3689	35
3656	48
2863	51
2862	11
4286	28
2861	43
3206	6
2860	51
4425	30
2858	6
4732	27
2857	24
2856	5
3119	39
3652	4
2850	20
5212	55
2848	30
2847	23
3084	28
2843	4
2841	47
5352	26
2840	6
3308	44
2839	35
2837	10
2835	20
2833	46
5600	31
2832	14
2828	33
2825	25
2824	15
2823	35
2819	1
3902	3
2818	38
2817	7
2815	27
2814	54
2813	35
5368	26
2811	35
2810	33
2808	8
2806	15
2805	49
2803	23
3449	41
2802	26
4334	32
3263	55
2797	25
2796	2
2793	10
4239	3
2791	5
2827	39
3152	19
2790	33
2789	37
2788	28
2780	26
4036	33
2779	51
2776	32
3658	40
2775	7
2774	46
2773	7
2897	13
2770	35
2769	2
2768	8
2765	43
2764	5
2762	14
3969	35
2761	27
5347	22
2760	21
5986	6
5299	15
2755	23
3723	21
2754	11
3900	14
2750	29
2781	53
2749	12
3602	34
2748	4
2747	34
5466	46
2786	8
2744	16
2743	38
3203	19
5970	16
2741	36
2740	17
5366	21
2738	14
3176	54
4171	40
2737	11
2830	54
2736	6
2735	15
2888	12
2734	14
3095	36
2730	1
2729	8
4494	49
2726	42
2723	53
2722	19
2719	2
2715	43
2712	38
2708	2
2706	38
2763	15
2705	29
4047	16
4208	14
2700	48
2742	35
2698	29
2696	14
2695	38
2694	30
2693	22
2883	24
2692	25
4147	28
2691	35
5731	36
2690	26
2689	10
3552	48
2688	8
2686	47
2685	14
2680	50
2678	1
2676	17
3821	26
5137	44
2674	49
2673	6
2671	27
3342	38
3943	19
2670	2
5880	35
2669	1
5217	22
3484	43
5361	33
2667	12
2666	29
2664	21
2660	50
3261	53
2653	11
2649	43
2648	50
2816	4
2647	37
5977	31
4516	18
2646	38
3390	7
2681	49
5616	28
2644	32
2643	2
2640	7
2637	21
2636	14
2635	39
2633	12
2631	38
3226	12
2630	30
2627	29
2626	26
2625	14
2784	19
2624	22
2622	24
4617	42
2621	46
5249	18
2620	44
4072	43
2619	5
2984	23
2618	10
2617	2
2614	39
2613	43
2612	46
2611	6
2608	10
2605	30
2604	31
2603	8
2602	54
5679	33
2601	10
2599	54
2597	27
4013	49
4692	43
2592	43
2590	4
2913	30
5267	32
2585	10
2583	46
2927	1
2582	21
2581	30
3098	23
2580	15
5811	12
3356	54
2579	50
3844	8
2573	43
3923	47
2571	26
2893	28
2570	36
5819	10
2569	40
3055	28
2867	34
2568	2
2565	23
2564	44
2563	41
4569	38
2710	36
2559	54
2558	34
2557	36
2556	40
2555	11
4394	17
2846	18
2554	26
2550	14
2549	43
2548	17
2955	49
2547	14
2546	25
2545	25
2544	54
2542	54
3615	27
2541	2
2540	50
2911	38
2538	27
2536	1
2535	53
5961	47
2534	11
2533	46
3074	26
3581	36
3776	31
2532	24
3704	1
5345	46
3138	43
2531	11
2529	39
2524	19
2687	8
5055	16
2523	43
2522	26
2521	28
3007	49
2520	27
5644	32
2519	33
2518	52
4812	24
2513	33
2511	10
2510	3
2506	1
2505	12
2504	36
2503	34
4616	41
2502	3
4081	6
2501	38
3258	18
2500	47
4805	42
4186	33
2498	14
3446	34
2495	31
2494	24
3351	22
2492	37
3499	3
2491	3
2490	48
2489	2
2488	7
2487	46
2484	41
3611	5
4880	20
2482	33
2757	19
3588	5
2480	25
3478	13
2478	36
3175	55
2588	26
2704	54
5837	29
2477	25
2474	22
2473	47
2466	36
5721	25
2465	37
2464	26
3188	32
2457	44
2892	36
2455	7
2702	10
5749	25
4937	14
2453	44
4119	19
3720	6
2451	17
2449	54
2447	47
2446	19
2444	28
2443	52
2442	24
3864	20
2441	52
2886	32
2439	14
3157	18
2438	24
2903	54
2435	7
2434	5
3125	4
4351	32
4303	40
2432	38
4162	14
2431	27
5048	26
2428	8
2426	51
2543	1
4583	33
4524	43
2425	10
3933	32
3684	7
2424	17
2423	28
4923	10
2421	30
5652	12
2420	37
5458	53
4788	35
2417	53
2414	55
2413	18
2412	38
2410	21
2996	12
2409	29
2408	3
2407	17
5893	27
4799	32
2406	25
2804	10
3530	11
2403	4
2402	28
2452	7
2400	13
2398	2
3485	52
6002	1
5897	20
2396	33
2395	40
2399	36
2394	7
2393	44
2392	25
2385	52
3663	12
5789	8
2591	31
2383	17
2382	16
4504	5
2380	14
2379	7
2720	24
2377	35
2372	33
2952	51
3700	27
2371	40
2370	24
2368	4
2367	29
2365	48
3448	37
5916	23
2363	52
2362	2
4393	20
2360	19
2359	19
4604	11
2356	55
2355	33
3852	5
2354	25
3154	31
3654	54
4656	54
2353	42
5424	11
2351	22
2350	6
4215	38
2445	7
6034	18
2349	49
2347	31
5918	14
2344	10
2342	52
3664	23
2341	37
2340	20
2339	1
3735	17
4510	27
2337	31
2335	36
3633	55
2331	10
2939	13
3953	42
2327	2
2963	10
2324	51
2915	30
3505	47
2321	39
2971	35
2319	53
4525	10
2475	10
2318	36
2314	38
5732	31
3620	26
2312	42
4778	25
3619	5
2311	36
2310	2
2308	29
4158	54
4020	16
5098	35
2307	14
2306	41
2303	21
2724	2
2295	2
2293	43
2291	2
6005	52
5091	29
2290	36
2990	25
2389	24
2287	26
2284	39
2526	27
2281	48
2280	10
2279	11
5053	1
2278	3
2276	53
3189	17
2274	14
3097	2
2273	36
3525	32
2271	8
2270	31
2267	53
2266	29
2264	28
2703	10
2262	44
4576	43
3634	29
2261	28
2259	53
4009	14
2258	15
2257	16
2256	24
2316	51
2253	28
2468	13
3970	18
2252	36
3193	14
2251	38
2250	1
2249	2
2973	41
5476	36
4152	35
2247	52
2275	40
5892	30
2246	25
2245	4
3685	10
2242	10
2651	30
5051	38
2657	40
2239	27
2237	11
2235	53
2234	53
2233	33
3293	4
2232	12
3232	15
2230	25
5033	31
2229	11
3284	7
3435	13
2224	21
2223	37
3508	32
2222	32
2756	25
2221	12
2292	25
2217	2
2216	38
2212	2
2211	51
2209	38
2208	46
2206	2
2203	38
2199	49
2198	51
2196	11
5189	52
2192	20
2191	28
2189	13
4389	35
4012	5
2187	18
3944	16
3123	2
5593	10
2185	28
2184	15
2182	14
2181	55
4834	4
2180	1
2179	23
2891	36
2178	40
5639	20
2175	26
2947	38
2172	26
2171	18
2170	10
2169	3
3888	25
2168	38
2167	6
2160	11
3680	32
2159	30
2158	33
3235	19
2157	8
2437	44
3329	14
2156	26
2616	40
2153	10
2152	18
3639	38
3585	29
2151	55
2150	2
3161	48
2149	38
2147	44
2146	47
2145	28
5910	34
5115	20
5089	1
2745	19
2143	22
2142	48
5257	38
4475	25
2141	41
2140	2
2137	49
2134	11
5438	46
2132	38
2131	42
2130	34
3737	19
4241	48
2128	13
5362	27
5224	18
2127	2
2289	44
4474	49
2126	50
2125	42
4485	38
3392	31
2124	23
2530	29
2122	24
2119	35
2118	4
2163	5
2115	32
2114	6
2113	5
4311	32
3858	48
2112	2
2241	18
4450	26
2110	46
2106	47
2244	55
2528	21
2105	18
4593	36
2104	7
3532	41
2103	38
2102	13
5000	52
2419	27
3875	40
2101	7
2463	54
2098	2
2096	13
2095	44
2093	37
5567	23
2092	2
2512	30
2091	1
4374	44
2089	23
3266	39
2088	33
2348	31
2083	6
2081	17
3610	16
2080	55
2078	48
5774	12
2369	43
2077	41
2254	50
2076	32
4238	42
3292	38
2074	51
2073	17
2070	4
2236	12
2297	51
2066	3
3557	32
2063	25
2060	46
3636	51
5211	33
2059	35
2058	31
2056	14
2054	31
2053	32
2052	38
2711	48
4657	23
2050	35
2594	35
5039	42
3211	20
2049	39
2048	33
3635	47
2046	18
2038	31
5369	14
2036	55
2031	17
3340	47
2028	50
2375	26
2881	24
5116	14
3234	51
5879	7
4556	11
2027	2
2397	11
4565	44
2021	34
4078	16
2509	36
2018	51
2778	25
2016	35
5973	15
2013	37
3460	27
2011	23
3179	26
2849	36
4935	47
4613	46
2009	32
2002	52
2001	15
4214	26
1994	50
2879	26
5188	37
1990	40
1988	2
1980	2
1974	53
1973	1
1969	33
2387	27
3934	50
5312	33
1967	7
4362	31
1966	20
5403	7
1958	10
1957	32
5126	42
3601	19
4522	23
1956	10
2493	53
1955	52
1953	6
1951	6
3489	15
3314	35
1941	2
3242	5
3817	14
1940	16
1938	37
1954	51
1937	23
3464	36
5993	28
1931	47
4261	36
3699	40
1926	38
4553	38
1925	1
3113	50
5028	35
2751	7
5430	24
1920	36
1917	53
1916	34
4647	14
1915	25
2005	52
1913	53
4048	28
1912	52
3747	19
1911	1
1910	11
1909	55
4435	39
1907	41
3563	48
1904	33
4776	36
1903	32
1898	1
1896	15
4103	5
2514	42
1921	7
1895	25
3173	41
1894	31
1893	29
1891	33
1888	7
2225	41
3816	54
2593	48
4789	6
1884	2
2483	16
5730	28
1883	1
1878	7
1875	14
3912	35
1874	16
2658	15
1873	10
1872	5
3277	33
1869	44
1867	33
1866	46
1863	38
1857	52
1993	40
1856	52
4066	51
1854	48
3465	10
1852	50
2173	6
1850	34
1847	2
5068	33
1846	11
1844	6
4229	38
4126	49
1836	7
1835	12
3564	48
1833	22
1829	28
3191	35
1828	11
4496	3
1827	41
3870	50
5982	42
1825	42
2485	15
3868	24
1822	53
2320	50
1821	8
1809	46
4032	32
1808	51
1806	5
5996	42
4430	47
1804	18
1802	35
2470	2
2777	30
1797	43
1796	25
1795	15
4057	7
1841	18
1793	5
1792	7
1996	53
1791	24
3946	42
1789	32
2655	17
1788	39
3752	8
3178	20
1786	39
3306	38
1851	42
1785	2
2012	42
3650	31
2195	51
1783	4
1782	38
1779	21
3480	26
1777	35
2794	37
2842	2
1771	14
1767	3
1766	26
3607	53
1763	32
1762	19
1760	42
1758	35
2193	28
2302	31
4864	25
2515	53
1757	12
1756	23
1765	2
3376	48
3405	8
1753	2
2845	30
4028	33
1749	55
1746	22
1745	42
1834	7
1744	14
3041	54
1740	31
1739	33
3366	25
1737	51
5552	31
1736	32
3365	27
4189	36
1732	18
1731	54
3037	37
3038	33
1728	55
3393	26
1727	52
2043	30
1726	21
1724	13
2654	51
4125	32
1719	2
5913	47
5040	3
1799	35
1718	14
3919	13
1713	44
2587	53
1711	7
1710	46
1706	40
1702	27
1701	13
3491	46
3736	31
1697	1
2035	30
1691	25
1689	51
5558	40
3678	32
4938	8
1686	50
1685	2
2584	8
3383	22
1880	53
1683	53
3195	44
1679	21
1674	23
2391	14
1842	43
1671	27
2448	2
1670	1
1668	53
1667	10
3567	37
1887	36
1665	35
4468	43
2020	48
5623	5
1999	41
1664	42
4888	5
3220	48
1663	53
1824	41
1661	54
4725	41
1658	2
5536	33
1655	55
3512	7
1673	53
3168	42
1654	35
5138	12
1651	2
4068	38
2577	47
4714	7
2872	16
5469	10
1650	43
1649	18
1823	41
1646	32
4030	22
4016	20
1645	55
1750	2
1644	44
1838	48
1642	31
5165	10
4940	20
1639	48
3297	20
1637	46
1632	2
1631	1
3582	29
3779	21
1630	50
1629	17
1627	7
3662	28
1619	47
5343	29
1991	53
1616	34
2486	43
4005	23
1615	35
2338	38
5043	15
4461	14
1613	17
2390	4
5473	49
1609	47
1606	15
4680	15
1605	13
5611	38
2364	43
1602	39
1601	39
1599	16
5501	11
1598	32
1592	41
3432	47
1591	1
2430	54
4955	1
1588	42
3881	40
5723	26
1587	30
1585	1
3328	25
5556	26
1584	8
1581	14
1579	33
1576	13
1864	53
1574	27
1573	52
1571	14
4720	51
1570	8
3651	44
4274	54
1569	33
2880	14
1568	10
3624	35
1567	54
1566	37
4730	8
2007	26
3474	7
1565	2
1564	53
1563	48
1561	38
2456	23
5659	49
1560	11
1558	22
4195	46
1556	22
1555	16
1551	12
1550	15
2467	27
1548	2
2600	2
5581	25
1545	7
1540	43
2926	36
3632	38
1539	3
2044	38
5334	26
1538	33
1534	30
5520	54
4250	8
1582	14
3059	17
1532	51
2914	8
1531	6
1527	13
1524	30
1776	37
1522	31
1521	42
1519	2
1518	47
1516	11
2596	29
1660	11
3171	47
1514	54
1513	47
4707	7
4667	42
1510	25
1509	2
3773	40
3806	23
2024	4
1506	30
2795	16
3262	27
1960	27
3044	37
1504	1
1501	35
4611	46
1500	44
4900	5
1498	48
4627	14
1943	39
5937	6
4232	25
1497	4
1494	52
1936	1
1492	53
1933	51
1489	28
3116	47
1520	40
1488	1
4543	33
1487	43
1481	51
1479	55
3959	43
1478	33
5010	32
1475	11
3457	53
4134	14
1472	28
4662	12
1945	47
2589	22
1618	33
1471	28
1470	2
2300	46
1468	30
3200	1
1467	28
2707	14
1466	51
1465	5
1493	2
1464	1
1463	5
1461	2
5193	8
3886	18
1865	41
1458	53
1457	6
3910	38
1722	42
1979	1
1455	17
1623	28
3769	12
2885	48
1454	11
1453	54
5423	8
1452	14
1450	21
1583	18
2022	18
1449	53
1448	1
3015	49
1447	7
1444	38
5941	25
5745	4
5457	26
1441	37
5199	36
1439	26
1437	51
1662	54
1712	55
2812	46
1435	51
1434	2
2884	50
1433	24
2023	50
1870	3
1431	51
5431	25
3287	43
1430	2
5337	42
1425	7
1831	46
2458	41
1557	27
1423	22
2378	54
4861	27
1421	21
1420	6
4480	17
1417	28
4188	10
1416	55
1734	53
1415	20
2679	30
3799	27
4257	16
2010	44
1413	48
1410	51
1407	48
2343	13
3670	28
4849	54
1405	40
3312	21
1404	10
2683	15
1403	50
5517	44
1402	42
5353	48
2094	14
1397	33
1394	34
4476	13
1393	2
1390	50
1389	32
1388	21
1387	17
5994	34
1879	21
1385	10
4395	47
1384	2
3949	53
3994	5
4448	18
1382	1
1380	11
2210	25
1379	48
1751	7
1950	53
1375	39
2799	41
1372	37
4406	41
1371	13
3389	29
3194	8
1965	10
1370	55
1367	30
3418	31
5150	20
1365	51
1364	37
1362	46
1755	14
1360	15
1547	51
1355	34
1352	52
3753	3
2283	42
4289	40
1351	47
2174	34
1349	8
1597	42
1345	38
2717	24
2739	28
1342	1
1339	21
1985	46
1337	5
1332	31
3222	51
2401	21
5223	14
1331	30
1330	10
1386	25
1328	32
1807	55
4069	4
1327	28
1326	43
1322	29
1320	3
1316	21
5516	25
1314	10
1313	36
1311	42
1307	4
1304	46
1302	21
3172	42
1300	7
3487	17
1299	51
1438	33
1298	34
2645	54
1294	46
1293	30
1292	6
1764	39
1289	14
3199	6
2663	21
1340	38
2661	2
1288	43
3066	18
4329	46
1282	24
2082	54
3043	44
2006	37
5878	28
3275	40
1281	19
1280	11
1621	43
1278	12
4994	12
1277	8
2034	44
1276	22
1285	51
5494	20
1275	30
1270	50
5504	36
1267	25
2072	12
2039	20
3645	37
4070	44
2459	43
3321	47
1264	6
2133	50
4654	16
1262	50
5968	19
1261	8
1259	7
2905	42
4997	6
3643	11
1368	21
1258	36
1256	36
4992	29
1254	6
2942	37
1252	30
1251	11
1409	22
1246	55
2219	11
1244	42
2869	40
3108	2
5233	15
1647	25
2214	4
2040	12
1242	16
4128	43
1978	55
1240	6
4429	6
1334	15
4945	25
1559	13
1238	40
2713	2
3571	30
1236	19
1235	36
1230	47
2323	10
2123	1
1228	11
2107	11
3879	8
1227	4
3750	16
4094	17
1577	27
1226	11
2960	2
1338	44
2954	8
4811	47
1636	49
1224	11
2294	38
1223	1
1222	15
2461	16
3964	5
1217	47
3028	21
1553	43
1411	38
2317	38
1638	7
1215	31
3413	5
1213	46
1212	46
1211	47
1209	27
1207	2
3862	48
1239	55
1204	24
4775	54
3371	46
1503	49
5112	1
1199	14
2844	42
1198	44
4684	15
1229	34
1195	8
1192	35
3139	16
1885	2
1190	33
1188	46
1187	27
1186	24
5481	7
3382	22
1185	37
1677	13
1184	38
5933	10
1182	25
1426	8
1572	55
1179	43
1486	55
3712	12
5649	16
1178	31
1176	41
2821	38
2004	51
1175	31
1837	55
2854	55
1174	24
1173	38
3143	55
2758	54
1172	41
5491	35
3891	21
1798	40
2638	53
1170	55
4011	49
1168	50
1167	50
1659	11
1165	2
3397	11
1164	49
1684	1
1163	12
1301	17
1162	48
1161	25
1160	33
1159	51
3590	41
1158	42
3476	29
3629	35
4676	46
1715	41
1157	24
2953	51
1156	17
1155	24
1152	51
2087	23
4792	41
1150	32
1149	1
2759	10
3469	53
1146	25
1484	11
1145	34
4901	36
4700	40
1144	11
2108	21
2381	39
4098	47
1975	41
1142	43
3463	41
5808	1
1141	41
1140	16
1604	12
1138	41
4878	1
4443	51
1137	39
2090	36
1135	17
1607	51
4369	40
1133	31
5669	49
1816	49
1132	4
2033	33
4029	3
1131	23
1129	26
3398	35
1427	2
2330	11
1127	1
1126	27
5865	10
4922	11
1125	54
1392	47
3829	11
5317	28
1124	35
1119	16
5070	27
3924	13
1118	31
1117	2
3483	44
1115	30
5238	1
2785	7
1110	38
1109	51
3622	33
1383	2
5141	44
1250	51
4460	23
1419	5
1106	53
4368	33
3521	48
4185	21
1105	49
1103	40
3218	13
5192	26
2030	46
1102	24
2003	42
1101	46
3357	44
1963	38
5578	54
4035	53
1100	21
1099	50
1098	47
1517	42
5647	27
4575	38
1474	11
3561	32
2725	10
1097	43
4975	55
1096	35
1093	12
4814	37
1882	15
1087	1
1366	44
1085	32
3794	46
4690	24
1084	47
5919	8
1083	35
1080	39
1490	6
1081	27
1078	41
1743	12
3513	43
1077	24
4910	24
1075	53
3672	26
1074	33
4591	44
1072	29
2866	55
1070	36
1068	11
1067	18
4809	28
1853	13
2875	28
1065	29
1064	24
1063	41
1059	48
3196	11
1116	7
2639	14
1057	34
1056	37
1610	34
4453	17
1203	51
1499	6
1055	22
2218	6
1840	41
5544	15
1054	51
3825	11
3796	36
1053	17
1374	14
1052	28
3954	48
4681	1
1729	2
1051	33
1297	21
3486	26
3153	41
1050	32
1049	35
3294	51
1048	17
1047	40
1046	49
1255	10
1045	38
3526	38
1044	53
1961	41
1066	47
1716	26
1043	3
4387	32
2701	36
5927	46
4661	24
1784	55
1042	47
1041	36
4292	33
1805	35
1040	33
1038	14
1037	29
1932	2
4738	44
2874	42
1036	55
1035	10
3142	12
1034	54
1817	36
1030	28
2836	18
3183	11
1029	28
5797	19
1422	30
1028	16
1241	15
1027	10
1025	33
1640	35
1169	25
1151	49
1024	14
2731	36
3517	12
1693	18
1020	25
1378	2
1018	1
3553	22
1013	43
1987	1
1012	30
1011	29
1010	36
1946	31
5468	31
3289	51
1009	7
5588	46
1005	55
1721	42
5634	46
1001	11
1922	2
1000	39
1305	34
1357	28
998	5
3775	19
6035	1
1944	43
996	54
1720	50
994	24
5690	44
991	46
2357	14
990	29
2213	30
1309	46
986	12
5782	24
984	34
982	36
4053	21
3591	12
979	36
977	20
969	32
963	53
2205	41
2607	15
961	40
1552	52
959	11
3141	26
957	10
1811	32
2682	5
3359	29
4894	41
1208	3
1406	6
943	39
3186	33
1220	44
942	11
2771	23
3621	15
941	11
935	17
932	54
3822	31
930	25
2227	48
1350	47
929	4
1344	53
925	52
919	13
918	1
4563	10
1861	14
916	54
1069	55
5882	51
3660	27
915	8
910	21
2923	14
909	43
927	15
1554	47
4939	25
3120	13
4237	21
906	43
5404	11
5001	21
2336	48
5220	33
1859	31
904	4
2373	5
3019	25
903	5
2852	30
901	14
2045	30
3815	16
899	20
3648	3
5615	25
2161	12
5336	16
896	41
895	14
1653	11
2551	44
893	4
5135	44
892	55
890	13
1705	30
5378	55
889	35
2783	26
1820	33
4428	46
886	6
2061	47
1315	14
884	49
5734	46
933	12
882	55
1962	11
880	32
1858	10
869	19
1194	14
3228	11
867	22
5653	18
3240	46
4919	33
866	2
2260	39
1818	37
1249	20
864	27
863	25
861	11
4487	28
860	19
4365	38
1700	12
856	25
5497	11
854	12
853	41
2422	29
5521	12
4276	21
852	23
1183	44
851	19
850	49
1432	48
848	50
3873	42
847	6
845	31
837	14
4896	23
2388	26
836	43
1594	3
2964	10
833	29
1263	21
832	54
5099	1
831	50
3378	51
5235	41
830	47
2183	51
3237	43
5778	7
5134	19
2985	7
829	37
883	4
827	14
4774	20
1855	42
1033	29
826	43
4920	26
1608	12
931	40
2084	53
2111	40
4165	52
1927	35
2109	44
822	6
821	50
1672	49
5900	43
1113	24
3882	20
873	33
1002	43
3451	8
3661	46
810	10
1442	10
808	50
807	4
3391	54
805	33
4437	31
1324	1
4228	53
804	24
803	11
2718	25
5320	26
801	21
2873	15
798	55
797	44
1589	3
894	53
795	1
790	21
1257	46
789	49
788	13
3140	35
4404	10
786	39
815	37
2721	49
2918	23
1279	39
785	42
1775	32
782	48
1528	17
781	55
1495	32
1019	48
1972	2
3067	10
783	39
1914	2
779	23
3482	7
1329	43
777	5
972	12
774	20
773	34
3549	18
1839	37
771	13
2469	38
1512	25
1747	31
769	32
1274	43
768	25
2753	50
5018	26
766	36
2345	36
770	2
4762	11
762	43
757	54
792	43
755	27
753	13
2668	47
2826	36
3528	23
1058	12
2136	49
752	35
1091	52
1004	43
1666	5
1290	15
751	18
750	2
2629	51
2202	21
5766	5
1446	7
745	35
744	55
5304	6
948	23
742	30
767	55
740	22
4816	43
739	2
3069	33
737	55
970	34
5093	4
735	13
734	32
2632	51
5728	22
4445	32
731	8
3025	50
4075	54
4376	48
1676	14
729	17
4055	38
799	52
5471	23
3056	6
1007	30
728	5
725	53
2576	14
5322	37
1062	4
721	40
720	32
3509	49
4202	8
3791	32
716	2
923	12
713	35
3734	26
1717	47
3848	42
2659	29
3136	51
2851	49
708	22
1939	31
707	2
5975	8
699	46
2606	10
4976	42
1424	18
5989	3
698	32
736	26
2935	46
3324	20
5498	41
692	3
691	7
1536	2
4517	6
690	6
4330	38
689	18
3030	18
685	54
4561	12
875	5
2069	40
2924	55
684	44
682	48
3962	1
679	51
678	31
1017	5
1772	40
3761	37
1877	13
5062	24
676	29
3655	38
674	51
3830	4
4061	41
673	4
857	37
671	27
2154	22
1361	37
5190	17
1533	54
4560	24
953	6
5083	44
4740	10
670	26
2047	2
2215	38
3925	38
902	14
6010	23
668	32
2912	12
4921	18
1692	1
3820	15
2325	38
4883	21
665	6
2042	51
664	22
2155	44
3759	31
693	20
842	19
878	33
3603	53
1725	28
806	38
663	15
3843	22
661	49
1682	3
2999	49
4051	20
660	27
4579	11
659	21
658	8
2728	27
5542	34
819	42
687	43
657	22
1202	18
3355	31
754	26
2767	8
656	51
920	7
1436	26
3772	7
3833	32
1139	25
3915	7
732	6
655	25
3170	25
4074	8
1399	40
746	49
653	7
3061	13
759	11
1696	12
5637	54
649	17
5842	29
4874	40
648	49
647	39
1754	12
5545	22
646	35
645	31
3304	41
4966	41
2026	8
644	10
1114	47
3344	44
643	13
4977	42
642	51
4260	28
641	38
3683	13
3027	44
825	46
640	8
2746	50
5228	51
1905	2
962	7
639	40
2838	51
1704	24
638	16
2285	14
1094	11
637	3
730	50
1886	27
718	38
3951	38
1491	47
636	16
4097	28
681	43
2346	27
635	42
1890	34
634	15
1346	41
1400	10
633	52
3409	1
1428	2
2562	54
814	51
5149	24
3118	28
3267	8
632	20
5565	25
631	49
995	5
5067	29
1541	5
629	29
1976	33
5080	24
1333	39
2238	34
628	52
944	8
2194	23
3857	29
625	36
4794	47
1071	10
624	11
623	31
791	49
1982	23
2228	53
622	34
1626	2
620	13
619	53
956	15
1418	2
618	46
3122	13
5401	43
616	46
1395	18
1232	37
614	31
612	8
1942	18
1480	8
613	52
2135	24
5012	10
4759	38
611	2
5248	35
2416	30
3880	50
1469	44
607	35
4927	12
4300	43
606	40
5426	10
3219	10
5185	42
604	13
2014	32
602	17
968	40
601	42
1032	36
600	18
599	20
2067	44
3471	10
1860	21
1014	1
1694	23
1234	40
2099	50
1881	31
1104	4
5530	28
597	51
2628	5
5952	49
615	2
596	51
595	2
594	41
2946	6
2361	54
2672	38
592	11
5065	46
4106	32
741	42
683	14
2517	38
1210	26
5241	49
5221	16
3743	46
587	1
586	12
695	26
584	34
583	54
987	8
4865	19
1868	33
580	24
5359	20
578	8
1022	33
576	7
816	32
575	36
574	48
573	40
1308	38
911	30
3026	47
1245	32
3441	34
5154	17
677	32
3716	7
570	49
1543	13
569	24
1596	18
2820	2
3783	40
1271	18
568	24
2798	30
3330	41
1826	47
2386	40
980	26
4373	5
567	54
3742	54
5839	12
1971	10
566	36
1723	41
1681	43
563	43
870	51
2598	23
562	42
939	39
561	27
843	47
3233	33
764	32
812	53
3346	54
560	55
2086	2
610	41
784	48
2165	35
559	28
557	15
556	42
3905	28
555	16
553	51
2071	29
552	53
1919	16
5709	39
1193	7
2177	12
1015	53
551	22
5871	35
879	49
1283	41
5195	53
550	12
2834	2
5402	49
547	22
546	34
3698	43
2037	1
1549	40
541	2
540	18
3574	22
1325	40
2017	25
2384	54
838	21
921	4
539	40
538	28
2315	8
1233	36
2166	42
2938	8
2732	10
535	23
1633	24
3402	5
1511	2
1502	31
3972	51
534	14
3387	19
564	2
1130	10
3745	7
3831	11
532	32
3379	1
530	32
898	12
1752	4
528	26
5821	22
526	19
844	40
5603	12
1191	11
4136	50
525	27
523	7
2566	21
522	31
521	42
794	6
937	2
519	12
4140	41
733	14
518	24
603	28
3386	47
1253	29
666	49
517	29
3420	46
516	29
515	44
662	48
1611	2
512	44
2772	10
5828	19
5443	14
2656	54
2190	17
3696	28
508	32
667	17
2675	15
686	35
507	42
506	11
505	51
1476	33
2329	42
3444	37
3921	44
504	44
503	22
3105	47
5853	48
502	33
499	52
627	53
1964	54
497	15
3871	39
4796	24
3495	53
5081	15
2000	14
811	51
1862	10
3249	41
2376	27
3475	16
489	36
2525	25
5294	38
1273	1
3492	31
2497	33
488	47
487	36
481	7
1741	4
2366	17
3187	46
891	37
480	16
3834	47
1590	3
479	4
1323	10
478	8
5706	6
2025	37
1440	53
473	35
1983	31
472	33
5739	49
465	15
2057	51
4178	12
1092	28
4408	51
1708	50
554	52
464	11
3244	55
4746	5
460	21
1709	51
2972	51
1219	44
2575	23
960	55
462	50
1984	28
4758	11
2652	14
617	2
459	19
3515	42
1687	52
2322	26
2352	12
3713	38
457	2
455	31
2641	41
452	7
747	37
449	10
558	46
2684	3
448	22
4530	26
4503	38
868	32
447	14
5272	25
548	21
445	46
442	10
652	14
824	33
696	3
4708	8
572	47
2552	27
981	29
440	42
2097	34
4377	8
702	46
2263	16
4552	52
1947	28
439	17
2733	24
3878	38
1769	19
1526	47
438	8
609	31
435	49
1970	54
454	43
2982	48
5367	49
4577	32
2176	8
4783	12
828	25
3628	10
4500	42
432	30
2268	14
3869	20
5549	21
430	34
1738	39
426	2
4063	1
1952	2
5263	7
1801	26
423	21
3782	30
1648	10
700	6
3832	18
5746	21
1123	21
3082	46
5674	21
966	53
420	17
419	30
5103	27
444	49
418	43
413	43
2961	31
412	12
876	32
1643	39
409	50
5915	1
1197	17
849	25
3127	26
3975	12
3542	33
5682	35
406	47
4367	5
3316	42
405	8
905	17
2496	29
4541	46
404	19
1923	24
402	35
1354	29
3000	5
1023	29
1482	34
399	8
397	18
5326	3
1773	2
1929	44
395	30
2116	46
758	29
2079	10
704	22
2516	38
393	48
900	55
3008	38
4578	16
1849	36
1089	47
3623	34
513	13
4729	38
390	33
5696	55
389	22
1265	12
388	41
386	30
4056	38
433	46
3767	21
1735	3
2358	14
385	6
4551	48
382	20
1930	22
381	24
380	42
651	48
2499	48
1177	33
376	31
1730	2
374	11
373	4
2240	33
4054	35
372	27
2697	46
5748	6
1295	6
371	48
1612	7
1073	16
514	26
5024	25
370	6
1376	32
415	51
3396	43
369	51
874	55
410	1
3144	26
1814	49
414	1
3317	10
366	29
3608	35
365	31
5572	25
3501	40
4291	13
1381	33
3272	10
417	4
1742	43
2462	27
431	24
364	24
3703	6
363	20
1451	46
1774	26
362	55
3936	27
1122	38
492	41
2269	13
5939	14
697	34
989	35
2615	10
4065	4
2807	49
3400	21
1343	8
361	17
4095	31
357	43
356	47
2277	14
5106	1
621	10
2064	54
3436	19
355	38
4226	21
1523	35
2578	25
3727	13
3579	48
354	35
352	47
349	35
2200	36
1800	2
3694	7
345	12
2822	40
1284	1
1669	11
1625	6
358	42
5775	34
2472	2
343	13
471	37
1819	7
342	44
1845	8
954	7
3332	13
4279	39
1981	13
341	44
2991	55
340	38
1535	43
1496	28
1086	21
335	42
334	31
3005	13
5399	55
1456	12
2313	51
403	40
4755	20
333	29
1359	13
396	27
5922	54
1675	32
332	29
2882	14
375	39
4868	12
331	40
3481	4
5785	12
520	43
329	43
881	42
630	21
328	32
1108	4
326	25
5956	34
865	55
3205	39
324	24
859	22
2121	26
323	17
3714	23
317	14
5305	16
316	43
3931	36
456	7
315	42
608	4
2265	41
4166	21
1995	5
314	33
2623	31
5373	14
543	43
2727	49
313	25
311	10
5393	18
321	43
2574	28
2609	2
3156	23
5869	47
1180	21
310	36
1778	13
384	34
2508	27
5265	40
2139	25
1398	34
2129	2
3616	37
5086	44
760	17
3906	53
5594	23
307	21
5460	30
305	35
5719	5
1657	18
304	22
303	33
1918	38
424	7
299	31
2255	8
500	2
298	10
2248	2
297	38
3428	11
775	36
988	33
545	53
1336	52
3063	13
3014	46
3331	51
5201	43
296	47
680	52
5670	8
5311	21
5300	27
293	53
1128	44
2296	43
3047	27
796	29
292	12
353	51
291	49
1902	26
1136	12
290	29
289	40
2998	52
976	26
5604	18
287	28
3052	15
885	55
1120	12
284	15
5695	42
1908	40
496	38
2197	50
1617	10
1016	44
283	23
3151	38
1369	13
2792	21
3150	5
1061	15
482	47
282	38
5213	10
281	17
280	40
278	43
320	34
3046	4
3667	10
1695	5
817	41
6030	36
408	7
2853	15
5905	8
275	38
337	32
274	3
3018	2
272	35
3894	24
3897	10
2309	15
3544	46
3874	14
3950	23
491	20
270	44
269	43
325	1
5599	12
1341	48
778	51
2120	33
3164	13
1781	14
703	14
4100	4
1603	40
268	46
267	44
394	53
1303	27
3335	7
1871	47
1507	17
5180	14
4299	49
712	23
3691	22
4952	4
1578	7
368	50
266	41
1897	11
2272	36
265	43
2829	27
486	46
264	29
3884	21
262	44
765	19
787	23
3112	38
257	35
2634	2
255	27
1848	48
1095	35
2553	11
254	5
709	7
1076	26
245	19
813	36
3647	32
243	8
5663	34
511	46
1803	4
1688	28
241	18
401	50
4669	42
1412	47
2752	25
4793	3
239	34
965	11
236	44
2714	36
1680	3
917	35
1121	42
233	54
1505	36
3493	51
232	52
2201	53
228	54
383	43
3049	42
5875	27
249	38
295	22
2305	29
225	19
428	34
1373	10
694	44
224	26
5810	12
501	54
2709	55
723	41
1843	55
2288	43
719	13
220	38
219	6
212	24
3394	51
6001	25
2051	14
1166	54
705	11
877	49
5793	50
4573	11
888	1
210	38
3598	48
207	26
1515	35
422	51
263	21
1363	46
1196	47
2782	42
2560	6
206	38
1181	26
204	25
427	11
2907	22
201	32
199	14
2987	51
3072	27
3980	25
434	28
2427	30
195	47
3771	22
1989	11
2117	15
193	53
3132	55
3730	42
229	8
3361	53
1287	15
463	11
1143	2
192	15
4328	35
946	38
5005	33
4752	43
3724	54
5050	20
191	32
509	49
190	38
3558	19
1060	52
277	22
4318	38
2716	54
188	54
952	26
186	6
5143	55
823	25
2015	16
1090	17
185	13
4856	48
2333	29
2665	8
4470	26
348	5
1593	30
940	20
1401	40
183	52
1231	6
871	49
2207	6
1698	25
1537	24
182	33
3443	30
5264	15
251	17
5957	31
180	7
176	42
2994	23
2138	38
3842	53
407	15
3594	13
5236	27
175	19
169	27
1832	40
924	52
5781	8
1901	48
3291	1
168	21
467	46
338	29
2868	38
286	39
3352	5
2062	32
166	55
577	40
4336	26
198	5
5319	52
2041	23
3089	37
3135	49
527	32
4438	14
165	18
5079	38
309	24
253	22
164	37
1614	55
196	54
162	35
531	42
4251	48
161	35
591	38
160	15
474	23
159	38
1318	38
259	28
347	43
5419	52
1892	55
1310	36
437	32
4151	26
158	51
3851	10
490	17
246	11
155	24
887	17
701	1
181	41
1529	7
3827	42
151	30
483	14
150	18
5169	47
1317	55
2220	41
2460	35
706	13
218	14
5528	55
1148	13
5633	44
149	12
2527	47
301	32
167	38
5164	10
147	23
189	26
3075	17
5703	11
1003	32
993	27
1205	42
146	5
4316	42
983	21
1296	18
3751	12
215	1
510	14
1948	8
748	1
672	11
145	1
2301	5
4824	17
1079	2
4715	29
3257	43
144	51
714	3
3282	37
1031	24
143	17
5354	31
1111	7
416	52
142	35
1780	22
3885	49
322	47
1641	43
3375	20
141	40
139	33
5044	30
222	44
2855	47
5408	20
4954	52
138	23
1459	2
1977	13
1968	32
1216	2
134	51
5208	31
4424	21
133	48
131	50
1600	35
772	13
1790	10
129	28
1414	26
872	25
2945	5
938	3
209	48
5965	40
1699	55
163	46
820	55
248	44
2243	26
5909	29
132	41
2642	31
571	55
4346	41
1575	29
127	38
443	15
2481	46
2890	51
441	7
126	4
955	11
122	21
498	12
120	42
1690	36
250	44
1154	5
3901	28
238	11
4107	10
226	51
928	21
1356	22
130	26
5349	28
1678	51
118	52
4327	31
1580	53
840	55
4133	25
1959	26
776	32
1321	1
1759	24
589	6
743	23
722	14
5433	26
140	46
2286	43
5868	4
468	43
116	23
4135	33
1812	46
115	13
153	14
425	34
429	24
5444	31
110	41
950	52
3285	52
109	47
4019	28
5686	36
108	36
2332	40
1473	37
2610	7
1088	4
4748	20
172	25
5056	47
1319	28
466	54
4555	43
453	18
1237	14
997	11
4832	43
1214	42
276	17
107	38
2801	39
1286	40
3798	44
6009	21
834	38
470	37
4624	44
112	17
2164	5
3778	29
1562	51
4044	38
542	32
5442	21
106	25
2148	2
223	12
105	29
1530	2
104	27
524	43
1935	2
101	46
999	27
360	55
964	10
458	14
1206	32
3578	28
605	50
2144	23
1998	37
202	54
3922	42
1272	15
2282	51
4801	1
157	33
582	12
3679	11
4396	51
273	39
4781	37
100	28
2677	37
3180	33
3341	51
958	17
1634	21
565	32
391	7
1153	38
934	35
99	27
4558	30
738	44
121	27
3642	35
4050	22
5519	4
5427	41
1748	15
1006	19
237	15
529	42
1876	55
1460	2
1815	27
451	4
2226	27
1377	33
98	54
3197	22
96	25
3050	35
536	25
4285	25
3803	22
351	7
2008	40
780	35
1306	36
2085	14
91	44
89	41
1243	32
710	26
5554	32
235	27
3523	39
1200	51
5003	30
1408	8
85	38
2586	17
4687	19
802	28
82	14
260	7
971	2
78	38
3408	17
77	53
2188	51
1768	51
598	10
1391	31
103	51
4022	37
4797	42
156	21
76	51
3158	18
4024	55
5858	10
5092	54
485	11
227	55
2909	22
294	13
74	52
5410	38
749	10
726	12
846	30
3296	41
367	41
3965	54
2561	34
319	2
73	11
3710	17
1544	31
5006	11
4679	26
72	23
967	6
258	6
5570	25
1928	14
436	43
71	53
5254	25
5111	37
4780	11
339	29
3207	32
475	44
974	31
1652	20
247	27
152	20
839	12
2567	51
4120	42
379	50
835	52
350	17
70	14
117	5
985	38
197	32
67	30
2809	44
862	27
3107	31
66	10
4462	11
64	35
61	1
841	51
2595	24
5389	5
1595	14
60	55
4750	55
711	34
4828	18
58	25
2415	55
1830	51
4132	53
102	48
128	5
57	21
484	19
200	24
5214	33
312	55
3787	38
2831	15
4527	39
79	54
3319	32
4484	41
279	30
230	31
3425	4
2662	41
4264	23
1813	49
56	2
1268	51
52	21
179	11
5921	25
5435	48
3982	24
177	52
3981	43
1525	29
48	48
992	47
49	55
2328	33
2476	33
1810	20
92	28
936	34
947	1
3715	35
47	32
2404	43
763	36
4212	5
818	48
3447	17
90	30
717	35
4217	24
46	10
43	23
2454	42
171	33
3442	37
1112	18
244	21
3401	25
327	48
205	49
62	51
242	19
1266	37
1291	2
42	20
2650	28
87	10
2471	7
461	44
1924	26
40	38
400	17
2537	36
39	36
84	14
1189	38
1147	19
3362	12
494	49
377	40
907	47
626	22
975	14
5309	33
1396	37
306	25
51	48
37	24
1348	27
1269	55
135	12
912	36
44	50
2904	44
3876	33
1082	38
36	24
1542	35
3793	51
5854	39
4174	19
2304	53
469	52
1335	40
68	11
945	43
1260	13
5759	53
208	14
59	24
1622	37
973	43
3534	27
5938	26
93	22
2787	25
1508	35
34	29
590	26
3078	47
28	28
2507	14
3411	34
1443	55
2699	41
3160	8
203	32
25	44
1624	20
5735	10
2572	27
922	53
5142	35
285	8
2075	20
4130	36
951	6
2186	41
221	49
24	49
3081	7
1703	49
1546	29
858	49
1900	27
308	4
30	19
724	11
3035	25
378	29
4039	4
1445	25
4739	38
63	17
897	43
54	40
3986	51
4618	24
544	14
4743	43
1899	14
86	27
2374	2
5625	27
170	46
4862	24
581	51
21	32
5923	28
2800	39
271	32
5704	24
53	30
1620	55
1347	52
477	11
450	25
4401	54
187	14
398	14
4722	46
1934	55
19	17
1358	52
1707	20
38	51
88	38
727	12
4968	46
476	28
1986	17
5972	42
2065	17
3940	17
18	23
579	43
252	11
1021	39
421	42
17	44
6015	1
94	41
1656	52
793	30
2405	12
3927	17
29	40
3917	14
123	11
2299	27
913	10
3159	42
114	55
3889	6
55	40
1107	2
35	5
1787	46
1247	15
16	34
392	15
12	28
4942	46
174	12
2100	42
1353	18
4091	50
446	29
1225	55
949	49
330	7
97	54
10	6
533	29
1733	10
5574	50
27	26
3301	39
2429	44
31	47
217	51
346	10
344	10
9	16
4440	17
194	18
2436	54
1218	48
240	37
5020	37
675	32
2068	33
1134	42
5661	17
261	42
2019	7
5108	29
211	8
2450	36
5278	11
2411	43
1429	6
5289	11
26	25
1201	21
3033	24
4682	36
2479	14
3040	39
4933	24
756	32
5848	36
214	36
585	37
588	11
1992	30
288	31
4481	1
761	36
4386	16
1889	31
14	35
5518	16
688	36
4168	1
4116	35
1949	42
593	29
5716	21
173	28
3974	8
4197	22
1628	48
2298	42
75	40
2539	41
3243	55
8	40
809	4
2766	47
184	48
2326	48
20	52
81	41
4205	52
1485	51
216	38
495	13
3090	8
411	1
914	48
549	21
1635	39
537	43
95	8
7	41
33	50
302	6
300	18
3914	20
1039	26
41	23
234	1
3562	8
1248	37
2440	38
650	21
6	48
1483	18
136	35
4574	22
3103	47
855	46
2032	55
2029	1
2418	7
908	2
493	44
5490	7
5463	25
15	14
65	2
113	52
978	17
2433	38
3209	11
231	53
50	53
2055	34
3265	47
318	12
13	20
359	36
4	6
4911	20
125	46
119	10
2334	37
5926	6
387	3
178	42
1008	55
3	27
1586	12
80	25
3892	55
800	1
1171	12
5514	49
336	48
3895	49
1997	1
124	27
2	45
654	12
1026	47
45	22
1312	17
3058	10
1221	39
1714	55
4936	6
69	51
11	33
1794	49
256	41
3738	46
148	7
2162	48
669	33
715	5
1477	11
23	8
2859	1
111	52
1	9
137	47
3364	16
1906	33
2204	1
2932	8
5	24
4216	32
1462	49
0	9
3268	8
5420	8
213	53
926	53
1770	42
4245	38
2231	34
32	31
83	27
154	24
1761	28
4052	21
22	34
