6039	53
6037	5
6033	5
6032	25
6031	15
6029	1
6028	42
6027	50
6026	35
6025	16
6024	47
6022	13
6021	48
6020	25
6019	50
6016	50
6014	3
6011	31
6007	14
6004	41
6003	13
6000	33
5995	17
5992	16
5991	8
5987	44
5985	18
5984	13
5981	50
5980	2
5979	20
5978	38
5976	50
5974	2
5971	13
5969	51
5966	31
5963	36
5960	36
5959	3
5958	2
5955	9
5953	36
5950	17
5949	36
5948	9
5947	36
5946	15
5945	39
5944	15
5943	25
5936	54
5934	52
5932	50
5931	44
5929	37
5928	55
5925	41
5924	7
5917	48
5914	10
5912	20
5908	30
5907	42
5904	22
5903	18
5902	17
5901	1
5899	31
5898	21
5896	8
5895	44
5894	36
5891	9
5890	33
5888	48
5887	10
5886	18
5885	36
5884	31
5883	2
5876	21
5874	42
5870	2
5867	23
5866	44
5864	27
5863	22
5862	30
5859	37
5856	17
5852	9
5851	36
5849	28
5847	47
5845	20
5844	47
5841	21
5840	7
5838	19
5836	13
5835	8
5834	54
5831	34
5830	36
5829	45
5826	20
5825	42
5823	13
5822	37
5818	14
5817	51
5815	16
5814	1
5813	22
5812	37
5807	32
5805	2
5804	37
5803	40
5801	48
5800	32
5798	7
5795	23
5794	10
5791	36
5788	46
5787	10
5786	37
5784	32
5783	38
5780	10
5779	20
5772	10
5771	7
5770	2
5768	36
5765	45
5764	9
5762	9
5760	7
5758	9
5757	3
5756	46
5755	23
5754	37
5753	36
5752	38
5751	19
5747	12
5744	20
5743	47
5742	18
5738	38
5737	32
5736	12
5727	13
5725	20
5722	9
5720	28
5718	34
5717	50
5714	31
5712	39
5711	19
5710	22
5707	32
5705	23
5702	2
5701	31
5700	17
5699	25
5698	36
5697	32
5708	37
5694	23
5692	2
5767	50
5691	27
5689	21
5687	20
5684	27
5683	36
5681	13
5680	7
5678	25
5677	26
5676	3
5675	10
5673	5
5672	37
5667	16
5665	45
5664	19
5662	48
5660	39
5657	2
5656	13
5655	6
5654	35
5651	15
5648	32
5646	48
5645	38
5643	39
5642	47
5641	34
5636	53
5635	36
5631	19
5629	47
5627	16
5626	10
5624	22
5622	13
5621	22
5620	36
5619	17
5617	45
5614	36
5613	53
5612	23
5610	28
5608	19
5607	29
5606	45
5833	38
5605	35
5602	23
5601	36
5598	27
5597	47
5596	14
5595	46
5592	41
5591	7
5590	31
5589	35
5587	31
5586	48
5584	46
5583	23
5579	47
5577	9
5576	25
5575	40
5573	20
5571	53
5569	20
5568	54
5564	9
5563	7
5562	42
5561	17
5560	45
5559	52
5557	14
5555	22
5553	32
5551	41
5550	14
5548	35
5547	15
5546	53
5543	42
6006	19
5541	1
5540	41
5539	37
5535	36
5533	17
5532	5
5531	33
5529	36
5527	37
5526	21
5524	25
5522	40
5515	35
5513	40
5512	31
5511	13
5510	10
5508	55
5506	46
5505	37
5503	47
5502	23
5500	36
5499	44
5496	53
5495	34
5493	41
5489	13
5488	42
5962	9
5486	16
5484	2
5483	13
5482	36
5480	14
5479	20
5478	26
5477	52
5472	16
5776	53
5470	52
5467	36
5462	3
5459	37
5454	13
5453	5
5452	17
5449	2
5448	34
5447	34
5446	48
5580	19
5445	18
5440	15
5439	46
5437	25
5434	36
5429	16
5428	41
5425	3
5422	27
5421	53
5418	26
5417	5
5415	5
5414	28
5413	50
5412	2
5411	36
5525	36
5409	20
5407	16
5406	5
5405	17
5397	38
5396	36
5395	45
5394	36
5392	20
5391	6
5390	16
5387	26
5385	27
5384	48
5383	34
5382	47
5381	31
5380	52
5379	29
5377	42
5375	47
5374	29
5372	19
5370	50
5365	53
5364	13
5358	13
5357	5
5940	30
5356	50
5355	19
5351	7
5350	19
5843	1
5348	23
5344	36
5474	9
5342	5
5341	17
5339	41
5338	17
5333	19
5332	3
5330	20
5329	31
5328	36
5325	28
5318	1
5315	31
5314	38
5313	15
5308	13
5307	18
5303	8
5302	34
5301	41
5298	9
5297	16
5632	17
5296	41
5331	50
5293	9
5292	9
5291	44
5290	15
5286	10
5284	44
5283	17
5282	10
5281	9
5280	10
5279	38
5277	20
5273	26
5271	36
5942	40
5270	37
5269	39
5268	9
5266	27
5262	25
5261	6
5260	36
5258	38
5255	13
5253	39
5252	37
5250	2
5247	3
5245	54
5244	38
5243	45
5242	48
5240	54
5237	41
5234	50
5630	50
5232	21
5231	9
5230	1
5229	3
5226	25
5222	9
5219	9
5218	36
5792	50
5287	21
5216	9
5215	8
5210	47
5209	45
5206	23
5205	50
5204	32
5202	39
5200	17
5198	20
5197	36
5196	54
5398	6
5194	28
5191	31
5327	30
5186	47
5184	47
5183	9
5182	33
5181	13
5179	55
5178	2
5802	52
5177	33
5175	19
5174	10
5173	23
5172	25
5740	42
5171	53
5360	28
5170	28
5168	25
5167	34
5166	9
5163	45
5162	21
5161	50
5227	8
5159	19
5157	13
5156	23
5155	47
5153	45
5152	10
5151	45
5148	31
5147	36
5146	5
5145	28
5144	8
5140	18
5136	32
5132	10
5131	14
5129	2
5128	52
5125	17
5124	23
5123	37
5122	25
5121	53
5119	47
5118	23
5117	30
5114	31
5110	28
5109	16
5107	9
5105	47
5104	24
5102	20
5100	16
5097	10
5096	36
5095	36
5321	15
5094	18
5090	13
5088	23
5087	1
5085	20
5084	2
5082	10
5872	1
5078	45
5077	21
5076	28
5072	2
5071	16
5069	9
5066	41
5064	20
5063	14
5061	38
5060	2
5059	23
5239	8
5058	22
5057	23
5363	13
5054	23
5052	16
5335	28
5047	28
5046	36
5045	47
5042	54
5041	36
5038	36
5037	28
5492	36
5035	27
5032	7
5031	32
5030	46
5026	44
5025	13
5023	18
5021	47
5017	50
5016	9
5015	53
5014	13
5013	10
5011	25
5009	15
5008	28
5007	37
5004	10
5002	21
4999	17
4998	52
4996	20
4995	15
4993	36
4991	29
4989	23
4987	21
4986	3
4985	19
4984	9
4983	53
4982	37
4981	31
4980	36
4979	9
4978	36
4974	1
4973	50
4972	47
5713	42
4971	10
4969	32
4967	18
4965	53
4964	10
4963	36
4962	44
5761	47
4961	20
4960	52
4959	7
4958	25
4957	41
4956	36
4953	48
4951	52
4949	47
4948	31
4947	37
4946	37
4944	39
4941	17
4934	42
4932	1
4931	53
4930	6
5450	9
4925	18
4924	34
4918	21
4917	10
4916	37
4915	48
4913	3
4912	31
4906	39
4904	37
4914	13
4903	37
4902	8
4899	31
4898	9
4897	2
4895	14
4893	55
4892	32
4891	46
4890	35
4889	36
4886	13
4882	22
4881	3
4879	23
5806	14
5386	36
4876	2
4875	2
4873	15
4872	15
4871	40
4870	6
4869	28
4867	21
4866	9
5251	50
4860	2
4859	46
4858	54
4857	47
4855	5
4854	17
4853	37
5827	1
5130	10
4852	19
4847	33
4846	23
4845	55
6008	23
4841	37
4840	37
4839	40
4838	6
4836	12
4835	42
4833	25
4831	36
4830	50
4829	16
4827	17
4826	33
4825	47
4823	37
4822	36
5034	39
4820	25
4819	31
4818	21
4817	37
4813	13
4810	18
4808	36
4807	13
4804	27
4803	25
4802	33
4800	41
4798	42
5288	9
4791	7
4790	25
4787	38
5726	33
4786	31
4785	36
4784	28
4782	16
4779	5
4777	40
4773	22
4771	17
4770	2
5769	15
4768	33
4767	44
4765	42
4764	1
4763	20
4843	52
4761	3
4760	31
4757	8
4756	47
4754	21
4753	16
5507	47
4751	28
4749	19
4747	47
4744	9
4742	23
4736	34
4735	36
5920	21
4734	25
4733	9
4731	10
4728	18
4727	25
4724	47
4723	54
4721	17
4719	33
4718	19
4717	19
4716	15
4713	35
5715	9
4711	25
4710	21
4706	44
4705	36
4703	16
4702	8
4766	47
4701	21
4698	17
5451	36
4697	46
4696	45
4695	16
4694	19
4693	48
4691	5
4689	19
4688	9
4686	13
4685	2
4683	29
4678	33
4677	6
4675	18
4674	9
4673	40
4672	10
4745	25
4671	18
5432	9
4670	16
4668	25
4666	13
4665	53
4664	12
4663	8
4660	9
4659	40
4658	45
4655	36
5075	22
4653	3
4652	47
4650	1
4649	14
4648	15
4646	53
4645	12
4643	3
4642	17
4641	12
4639	20
4638	9
4637	54
4636	27
4634	47
4633	21
4632	19
5954	37
4631	26
4630	9
4629	5
4626	7
5873	36
4625	13
4623	53
5073	47
4622	21
4621	1
4620	10
4619	9
4614	5
4612	41
4610	36
5733	37
4609	46
4608	10
5777	20
4607	23
4606	36
4605	29
4603	20
4601	14
5436	37
4600	14
4599	32
4597	22
4596	7
4595	47
4699	37
4594	16
4592	46
4590	13
4589	53
4588	23
4587	48
4586	8
5113	19
4585	1
4582	52
4581	39
4580	2
4571	51
4970	2
4566	46
4564	22
4559	14
4557	42
4554	3
4550	2
4549	41
4547	8
4546	52
4545	40
4544	25
4542	36
4821	41
4539	42
4538	41
4536	22
4570	17
4535	1
4534	32
4533	9
5036	47
4532	32
5049	53
4531	45
5019	16
4529	29
5256	53
4528	1
4526	51
4521	9
4520	10
4519	20
4518	30
4515	14
4514	48
4511	40
5860	53
4509	47
4507	36
5809	23
4506	37
4502	25
4501	13
4499	22
4498	42
4497	6
4492	18
5246	44
4491	43
4490	52
4489	47
4488	32
4486	19
6038	17
4482	47
4479	36
4478	2
5861	21
4477	32
4473	22
4472	47
4469	13
4467	28
4466	53
4465	15
4464	46
4463	39
4459	36
4458	9
4457	47
4456	47
4455	48
4454	42
4452	21
4451	32
4449	1
4447	36
4446	36
4444	29
4442	18
4441	33
4436	3
4434	25
4433	25
4537	14
4431	55
4427	45
4426	45
4423	5
4422	40
4421	13
4420	14
5537	22
4419	31
5650	7
4418	29
4417	2
4414	13
4413	40
4412	39
4411	45
4709	23
4410	37
4409	29
4407	3
5618	50
4405	33
4403	36
5323	47
4402	49
4399	40
4398	18
4397	22
5340	16
4392	33
4391	38
4390	27
4388	15
4384	8
4381	36
4380	10
4379	17
4378	10
5729	45
4375	27
4372	28
4371	23
5324	18
4370	38
4366	7
5999	20
4635	51
4363	13
4360	21
4359	27
5487	37
4358	38
4356	54
4354	31
4353	10
4352	1
5022	7
4350	27
5824	33
4349	48
4348	23
4347	46
4345	42
4385	10
4344	36
4343	36
4341	9
4572	37
4340	30
5464	8
4339	52
4338	36
4335	34
5101	47
4332	45
4909	1
4331	29
5671	8
4877	35
4326	10
4324	29
4323	15
4322	13
4321	13
4320	23
4319	25
4317	36
4333	32
4312	42
4310	17
4439	33
4309	9
4308	13
5990	23
4307	10
4306	31
4305	32
4304	10
4302	32
4301	9
4298	54
4602	39
4297	41
4296	22
5796	46
4294	14
4293	34
4290	13
4288	13
4287	34
4284	16
4283	10
4282	35
5881	1
4281	3
4280	16
4278	13
4277	40
4275	54
4273	50
5275	40
4432	37
4271	25
4598	17
4270	47
4269	41
4268	1
4267	28
4266	38
4265	6
4263	41
4262	44
4259	53
5763	41
4258	29
4256	3
4255	22
4254	22
5538	46
4252	54
4928	2
4249	14
4248	1
4247	20
4246	32
4244	14
4243	41
4242	22
4240	20
4236	32
5799	16
4235	33
4233	17
4231	46
4230	41
4227	35
4225	48
4224	9
4223	13
4222	17
4221	39
4712	33
4220	28
4219	9
4218	25
4213	6
4211	27
4210	22
4209	20
5628	2
4207	52
5911	53
4206	10
4204	38
4203	10
4201	48
4905	9
4200	50
4199	53
4198	19
4196	41
4483	47
4194	32
4193	46
5850	21
4192	47
4191	15
5750	18
4190	22
4184	37
4183	14
4181	8
4180	27
4179	52
4177	34
4176	12
4173	28
4172	41
6023	27
4170	53
4169	15
4167	8
4164	53
4163	53
4161	50
4160	10
5416	16
4159	55
4157	41
4155	10
4153	7
4150	18
4149	37
4148	40
4145	15
4144	52
4143	47
4142	34
4400	16
4141	1
4139	10
4138	36
4137	20
4131	10
4127	49
4124	22
4123	16
4885	39
4121	10
5857	32
4314	15
4118	13
5346	10
4117	25
6036	5
6017	36
4364	14
4115	47
4114	39
4113	19
4175	31
4112	3
5582	42
4111	10
4110	17
4109	54
4567	36
4495	9
4325	28
4108	41
4105	18
5688	13
4104	1
4102	2
4101	50
5316	37
4099	14
4096	29
4093	17
4092	42
4090	42
4088	13
4087	36
4086	27
4085	53
5855	35
4887	53
4084	39
4082	13
4080	53
4079	53
4077	38
4076	12
4067	39
4064	18
4062	21
5566	47
4060	5
4058	22
4990	28
4049	12
4046	40
5225	38
4045	29
4042	36
4041	10
5274	54
4040	13
4540	32
4038	27
4037	20
4512	19
4034	38
4031	20
4027	19
4025	36
4023	10
4021	13
4017	10
4015	47
4010	14
4006	10
4004	39
5029	28
4003	25
4001	37
5816	19
4000	13
3999	47
3998	10
3996	40
3995	40
3993	47
3992	19
3991	28
3990	13
4355	9
3988	36
3987	27
3984	28
3979	19
4234	12
3978	40
3977	15
3973	46
5285	22
3971	33
3968	49
4073	54
3967	10
3963	18
5027	34
4741	36
3961	40
3960	36
3958	14
3957	17
5773	12
5693	18
3955	29
3952	9
3948	25
3947	28
3941	32
3939	47
3938	25
5455	41
3937	8
3932	35
3930	32
3928	10
3920	45
3918	35
3916	42
3913	19
5376	18
3911	48
3909	36
5371	28
3907	32
4415	10
3904	36
3903	17
3898	23
3896	28
3893	50
3890	53
3887	37
3877	10
6018	8
5666	9
3872	3
3867	10
3866	8
3883	2
3983	31
3863	48
3861	52
3860	42
5465	2
5120	37
4562	47
3859	33
3856	51
6012	47
4584	45
3855	37
3853	18
3976	2
3849	10
3847	52
3846	10
3845	15
3841	28
4187	45
3840	37
4837	13
3839	23
3837	29
4018	55
3850	42
3836	36
3835	10
3828	47
5988	25
3826	32
3823	13
3819	13
3818	16
3814	52
3813	39
3812	48
3811	17
3810	2
3809	52
4505	36
3808	19
5310	5
3804	34
3801	38
3800	19
4640	21
3797	15
3795	3
3792	44
3790	10
3789	23
3786	55
4471	40
3784	49
5930	1
5741	39
4129	10
3781	34
5658	45
4382	29
3780	15
3824	10
4615	9
3777	10
3774	14
3770	32
3768	47
4337	5
3766	53
4089	37
3765	12
3763	31
4357	55
3762	48
3760	25
3757	12
5461	48
3755	13
3754	18
3748	33
3744	33
3741	13
3740	17
3739	26
3733	1
3731	19
3729	20
4644	23
4383	47
3728	37
3726	36
3725	13
3722	8
3721	40
3718	27
3717	46
5640	39
3711	40
3709	48
4253	48
3708	10
3706	15
3705	54
3702	1
3701	23
3695	47
3693	20
3692	10
3690	10
3746	21
3688	32
3682	36
3681	18
5877	2
3677	32
3674	10
3673	3
3671	17
3669	15
3668	10
3666	55
3665	16
4026	48
3659	3
3657	13
3653	13
3649	10
3646	2
3644	41
5832	33
3641	13
3638	52
5534	1
3637	42
3630	9
3627	50
3626	5
3625	13
3618	45
3614	2
3612	15
4146	35
3606	17
3605	44
3604	38
3838	50
3600	13
3599	25
3597	41
3595	28
5306	10
3593	40
3592	55
3589	47
3587	28
3586	28
3584	2
3807	10
3583	38
3576	52
3575	25
3573	10
3802	25
3572	21
3570	42
3569	28
4513	32
3566	45
3565	19
3854	14
3560	13
3929	5
3559	12
5456	36
3556	10
3555	20
3554	16
3550	22
3676	22
3548	40
3547	22
3546	2
3545	53
3543	5
5906	55
3541	2
4628	29
3540	21
3539	37
3538	10
3536	41
3535	27
3529	51
3527	23
3985	49
4851	47
3524	25
3520	39
3519	37
3518	9
3514	28
5139	17
3511	9
4156	33
3507	44
3506	10
3504	14
3503	53
3502	37
3500	2
3498	10
3497	39
5997	13
3496	37
5846	9
5609	52
3494	33
3488	17
3479	40
3477	17
4988	18
3473	36
3472	28
3470	10
3468	36
3466	45
3462	55
3461	47
3459	2
3458	2
3456	14
3455	28
3454	29
5523	28
3450	22
3445	22
3440	13
3758	9
3439	17
5790	9
5259	9
4842	15
3438	3
5668	34
4863	19
3434	17
3433	9
3431	23
3430	20
3429	47
3427	28
3426	13
3424	36
5485	15
3423	21
5441	33
3966	36
3422	36
3421	10
3419	53
4313	45
3417	9
3416	18
3415	13
3414	23
3412	53
3410	36
3407	21
3406	52
3404	37
3403	41
5207	10
3399	10
3395	40
3388	10
3453	47
3385	33
4342	10
3617	13
3381	48
3377	7
3374	41
3805	2
3373	42
3372	20
3369	36
3368	52
3367	53
4926	50
3363	41
4907	37
3360	10
3707	32
3358	36
3354	22
4848	17
3353	1
3350	50
3349	46
5133	15
3348	19
3347	25
3764	21
3345	23
4943	26
4815	28
4523	17
3339	17
3640	36
3338	42
3337	45
3336	20
5998	23
5158	31
3334	19
3333	40
4315	29
3327	48
3326	36
3325	49
3323	41
3687	22
3322	5
3380	5
3686	7
5388	42
3318	28
3315	21
5935	2
4908	23
3313	37
3311	47
3310	10
3307	47
3305	22
5889	2
3303	17
3302	18
3300	2
3299	37
3298	53
3719	53
3295	9
5967	28
4844	9
3290	14
4008	13
3510	36
4548	18
3288	2
4950	53
3286	35
3942	53
3283	45
3281	50
3280	32
3756	13
3279	36
3276	14
3613	13
3274	35
3273	20
3271	17
3270	12
3269	39
4002	2
4769	19
3264	10
3260	47
3256	22
3255	7
3254	6
3467	52
3253	18
3252	2
3248	33
3247	19
3246	17
3241	1
4122	53
3239	53
3238	21
4361	36
3236	32
3231	48
3230	39
4795	20
3229	25
3227	17
3225	22
3224	20
3223	36
3221	30
3217	29
5685	32
3216	50
3215	36
3214	50
3213	29
3577	3
3212	23
3210	42
3208	13
4033	34
3204	13
3490	10
3202	10
3201	40
3568	32
3198	13
4772	15
3192	42
3190	10
3185	18
3184	15
5295	33
3182	37
3181	36
3370	36
3177	9
3174	22
3631	25
4059	21
3169	17
3245	7
5585	18
5176	35
4272	28
3167	33
3163	48
3162	36
5276	47
5074	55
3732	9
5127	3
3155	31
3596	37
3149	45
3148	19
3997	10
5820	47
3147	37
3146	32
4806	48
3145	25
3137	13
3865	3
3134	30
3133	32
3130	41
3129	52
3128	13
3124	13
5400	37
5160	9
3259	13
3117	36
3115	17
3114	2
3111	50
3110	40
3109	36
4704	7
3106	45
3104	17
3102	34
3537	33
3101	38
3899	10
5187	34
3100	27
3452	47
3099	23
3096	42
3094	48
3093	21
3166	36
3956	10
3092	37
3091	19
4508	21
4154	54
3788	20
3087	28
3086	54
3085	48
3083	54
3080	10
3079	36
3076	52
3073	7
3071	47
4850	35
4568	1
3070	15
3068	38
3065	19
3064	9
3062	16
5509	20
3060	52
3785	34
3057	41
3054	10
3053	36
3051	28
3045	46
3042	22
3039	14
3036	14
3034	50
3032	20
3675	5
3031	3
3029	44
3126	14
3024	34
3022	6
3021	13
3020	44
3017	10
3016	46
3013	14
3945	17
3522	5
3011	13
3077	48
3010	9
4295	39
3009	1
3006	10
3004	27
4014	3
3088	19
3003	53
3002	50
3251	29
3309	32
3697	33
3001	36
2997	31
3609	40
2995	13
3384	52
4416	37
3516	50
5638	8
2993	36
3048	39
2992	33
2989	50
2988	5
4726	17
2983	53
2981	1
3437	47
4929	16
2980	6
2979	45
2978	50
2977	2
3533	17
2976	6
2975	42
2974	2
3935	50
5951	37
2969	52
3012	47
2968	47
2967	41
2966	37
3165	23
2965	15
2962	26
5983	1
2959	31
2958	13
2957	32
2951	47
2950	41
3926	54
2949	19
4884	40
3749	54
2948	45
2944	52
2943	47
2941	55
3131	1
2940	2
2937	3
2936	14
4071	15
2934	10
2956	40
4043	10
4493	7
2933	17
2931	27
3320	22
2930	36
2929	29
3023	13
3531	39
2986	49
6013	9
2928	10
5475	8
4737	17
2925	14
3551	25
2922	30
2921	31
3121	17
2920	10
2919	37
2917	36
2916	10
2910	7
2908	13
2970	55
2906	40
2902	54
3250	39
3908	8
4007	14
5964	29
2901	45
2900	13
3989	16
2899	32
3580	38
5203	20
2898	37
5724	8
2896	32
2895	21
4083	10
4651	29
2894	47
2889	10
3343	32
2887	37
2878	54
4182	13
2877	47
2876	41
2871	47
2870	22
3278	25
2865	37
2864	40
3689	36
3656	3
2863	6
2862	18
4286	27
2861	15
3206	22
2860	38
4425	1
2858	37
4732	27
2857	40
2856	13
3119	33
3652	19
2850	23
5212	45
2848	21
2847	17
3084	17
2843	32
2841	12
5352	13
2840	9
3308	13
2839	10
2837	37
2835	21
2833	18
5600	37
2832	19
2828	23
2825	2
2824	46
2823	50
2819	9
3902	39
2818	21
2817	47
2815	41
2814	3
2813	17
5368	2
2811	36
2810	55
2808	17
2806	53
2805	19
2803	48
3449	14
2802	50
4334	13
3263	31
2797	14
2796	47
2793	9
4239	25
2791	13
2827	34
3152	42
2790	23
2789	36
2788	20
2780	47
4036	18
2779	38
2776	10
3658	36
2775	13
2774	15
2773	9
2897	1
2770	36
2769	12
2768	2
2765	17
2764	13
2762	21
3969	47
2761	12
5347	34
2760	10
5986	46
5299	2
2755	9
3723	13
2754	35
3900	27
2750	50
2781	29
2749	9
3602	14
2748	37
2747	22
5466	41
2786	38
2744	47
2743	19
3203	39
5970	13
2741	20
2740	30
5366	36
2738	16
3176	39
4171	15
2737	13
2830	12
2736	47
2735	52
2888	39
2734	40
3095	35
2730	17
2729	17
4494	1
2726	17
2723	50
2722	18
2719	40
2715	20
2712	54
2708	29
2706	44
2763	9
2705	39
4047	3
4208	33
2700	31
2742	13
2698	41
2696	35
2695	23
2694	23
2693	13
2883	39
2692	9
4147	36
2691	52
5731	52
2690	10
2689	15
3552	7
2688	45
2686	14
2685	55
2680	27
2678	10
2676	34
3821	14
5137	39
2674	1
2673	18
2671	23
3342	31
3943	20
2670	31
5880	25
2669	2
5217	16
3484	1
5361	24
2667	39
2666	39
2664	25
2660	7
3261	10
2653	52
2649	33
2648	47
2816	17
2647	20
5977	13
4516	10
2646	25
3390	10
2681	7
5616	40
2644	13
2643	30
2640	47
2637	10
2636	33
2635	42
2633	47
2631	31
3226	36
2630	54
2627	46
2626	36
2625	6
2784	21
2624	52
2622	41
4617	9
2621	45
5249	36
2620	13
4072	19
2619	38
2984	14
2618	55
2617	40
2614	33
2613	26
2612	39
2611	22
2608	45
2605	51
2604	15
2603	42
2602	39
5679	15
2601	19
2599	45
2597	35
4013	21
4692	46
2592	3
2590	19
2913	1
5267	10
2585	44
2583	55
2927	36
2582	13
2581	35
3098	39
2580	32
5811	47
3356	50
2579	28
3844	39
2573	19
3923	33
2571	36
2893	19
2570	21
5819	20
2569	22
3055	17
2867	36
2568	7
2565	17
2564	19
2563	50
4569	9
2710	31
2559	19
2558	13
2557	34
2556	2
2555	23
4394	12
2846	36
2554	2
2550	13
2549	48
2548	31
2955	41
2547	16
2546	53
2545	1
2544	38
2542	39
3615	41
2541	3
2540	34
2911	34
2538	13
2536	13
2535	6
5961	2
2534	23
2533	19
3074	21
3581	40
3776	37
2532	39
3704	10
5345	50
3138	22
2531	20
2529	21
2524	28
2687	38
5055	6
2523	40
2522	36
2521	17
3007	20
2520	30
5644	19
2519	50
2518	39
4812	41
2513	22
2511	6
2510	39
2506	47
2505	47
2504	17
2503	32
4616	17
2502	27
4081	53
2501	35
3258	47
2500	48
4805	16
4186	22
2498	54
3446	9
2495	36
2494	51
3351	31
2492	2
3499	42
2491	20
2490	16
2489	30
2488	53
2487	14
2484	13
3611	10
4880	50
2482	28
2757	22
3588	17
2480	16
3478	8
2478	37
3175	14
2588	47
2704	6
5837	37
2477	2
2474	28
2473	30
2466	31
5721	36
2465	36
2464	47
3188	13
2457	40
2892	9
2455	10
2702	18
5749	20
4937	50
2453	16
4119	21
3720	18
2451	40
2449	6
2447	17
2446	21
2444	1
2443	54
2442	41
3864	42
2441	2
2886	10
2439	21
3157	10
2438	19
2903	46
2435	36
2434	17
3125	53
4351	10
4303	18
2432	20
4162	6
2431	35
5048	37
2428	17
2426	6
2543	47
4583	35
4524	25
2425	13
3933	10
3684	32
2424	39
2423	16
4923	15
2421	40
5652	36
2420	14
5458	26
4788	13
2417	41
2414	49
2413	17
2412	25
2410	17
2996	7
2409	45
2408	3
2407	34
5893	19
4799	46
2406	2
2804	52
3530	37
2403	20
2402	1
2452	13
2400	48
2398	44
3485	19
6002	37
5897	50
2396	55
2395	45
2399	34
2394	28
2393	25
2392	3
2385	22
3663	37
5789	39
2591	3
2383	34
2382	47
4504	7
2380	26
2379	10
2720	5
2377	40
2372	28
2952	32
3700	45
2371	45
2370	50
2368	19
2367	3
2365	16
3448	16
5916	47
2363	54
2362	31
4393	8
2360	6
2359	20
4604	27
2356	48
2355	39
3852	9
2354	3
3154	39
3654	48
4656	47
2353	14
5424	9
2351	18
2350	32
4215	21
2445	32
6034	32
2349	32
2347	17
5918	41
2344	46
2342	28
3664	15
2341	55
2340	45
2339	37
3735	10
4510	35
2337	9
2335	41
3633	33
2331	50
2939	8
3953	20
2327	28
2963	23
2324	18
2915	2
3505	46
2321	45
2971	36
2319	33
4525	46
2475	15
2318	31
2314	6
5732	47
3620	36
2312	42
4778	1
3619	13
2311	41
2310	30
2308	23
4158	42
4020	36
5098	41
2307	33
2306	10
2303	32
2724	12
2295	27
2293	19
2291	12
6005	18
5091	44
2290	37
2990	45
2389	35
2287	36
2284	12
2526	25
2281	17
2280	2
2279	46
5053	28
2278	47
2276	45
3189	19
2274	50
3097	14
2273	40
3525	47
2271	32
2270	47
2267	22
2266	2
2264	17
2703	50
2262	38
4576	19
3634	53
2261	40
2259	40
4009	23
2258	50
2257	36
2256	45
2316	8
2253	1
2468	5
3970	47
2252	31
3193	12
2251	26
2250	10
2249	10
2973	21
5476	45
4152	35
2247	7
2275	12
5892	2
2246	45
2245	37
3685	22
2242	46
2651	41
5051	39
2657	54
2239	17
2237	44
2235	49
2234	49
2233	50
3293	20
2232	50
3232	2
2230	18
5033	10
2229	25
3284	10
3435	38
2224	47
2223	50
3508	10
2222	17
2756	37
2221	41
2292	47
2217	23
2216	29
2212	36
2211	16
2209	48
2208	28
2206	49
2203	41
2199	14
2198	42
2196	41
5189	16
2192	10
2191	42
2189	17
4389	13
4012	10
2187	9
3944	47
3123	13
5593	50
2185	13
2184	36
2182	27
2181	14
4834	42
2180	47
2179	16
2891	37
2178	13
5639	38
2175	47
2947	41
2172	23
2171	9
2170	46
2169	34
3888	22
2168	19
2167	37
2160	9
3680	13
2159	45
2158	18
3235	48
2157	2
2437	20
3329	6
2156	36
2616	45
2153	25
2152	47
3639	25
3585	2
2151	31
2150	51
3161	10
2149	1
2147	39
2146	13
2145	25
5910	53
5115	41
5089	9
2745	34
2143	50
2142	32
5257	3
4475	46
2141	43
2140	21
2137	19
2134	39
5438	48
2132	14
2131	48
2130	38
3737	40
4241	12
2128	10
5362	25
5224	53
2127	27
2289	17
4474	16
2126	1
2125	1
4485	41
3392	9
2124	37
2530	52
2122	19
2119	20
2118	17
2163	10
2115	13
2114	20
2113	10
4311	10
3858	13
2112	21
2241	17
4450	10
2110	52
2106	34
2244	55
2528	40
2105	36
4593	3
2104	10
3532	27
2103	53
2102	32
5000	48
2419	35
3875	42
2101	36
2463	15
2098	14
2096	8
2095	18
2093	39
5567	1
2092	15
2512	9
2091	47
4374	17
2089	10
3266	21
2088	9
2348	38
2083	10
2081	18
3610	2
2080	32
2078	13
5774	20
2369	8
2077	50
2254	16
2076	10
4238	17
3292	29
2074	46
2073	44
2070	47
2236	47
2297	33
2066	19
3557	21
2063	5
2060	44
3636	8
5211	44
2059	7
2058	47
2056	46
2054	47
2053	17
2052	30
2711	17
4657	10
2050	10
2594	40
5039	30
3211	31
2049	47
2048	37
3635	52
2046	36
2038	7
5369	7
2036	28
2031	12
3340	1
2028	53
2375	36
2881	28
5116	39
3234	8
5879	14
4556	2
2027	17
2397	55
4565	53
2021	17
4078	2
2509	31
2018	8
2778	47
2016	10
5973	10
2013	52
3460	45
2011	10
3179	36
2849	19
4935	41
4613	1
2009	10
2002	51
2001	51
4214	37
1994	54
2879	9
5188	23
1990	27
1988	27
1980	28
1974	18
1973	36
1969	2
2387	46
3934	38
5312	1
1967	13
4362	17
1966	23
5403	17
1958	26
1957	13
5126	27
3601	53
4522	10
1956	41
2493	45
1955	16
1953	50
1951	46
3489	22
3314	53
1941	2
3242	10
3817	19
1940	13
1938	36
1954	27
1937	37
3464	17
5993	52
1931	9
4261	36
3699	12
1926	28
4553	54
1925	9
3113	44
5028	37
2751	12
5430	28
1920	38
1917	39
1916	10
4647	15
1915	53
2005	2
1913	29
4048	10
1912	37
3747	41
1911	47
1910	41
1909	7
4435	13
1907	20
3563	10
1904	1
4776	31
1903	13
1898	37
1896	37
4103	32
2514	51
1921	47
1895	28
3173	7
1894	42
1893	46
1891	34
1888	13
2225	19
3816	22
2593	13
4789	9
1884	34
2483	17
5730	20
1883	47
1878	13
1875	33
3912	39
1874	47
2658	47
1873	32
1872	40
3277	18
1869	39
1867	54
1866	22
1863	18
1857	49
1993	45
1856	41
4066	33
1854	10
3465	28
1852	46
2173	10
1850	10
1847	29
5068	41
1846	26
1844	9
4229	41
4126	16
1836	10
1835	53
3564	16
1833	6
1829	1
3191	13
1828	15
4496	36
1827	42
3870	46
5982	48
1825	50
2485	2
3868	33
1822	41
2320	39
1821	3
1809	22
4032	10
1808	42
1806	42
5996	25
4430	46
1804	36
1802	13
2470	49
2777	53
1797	36
1796	2
1795	2
4057	10
1841	10
1793	17
1792	10
1996	47
1791	45
3946	9
1789	54
2655	41
1788	8
3752	52
3178	44
1786	27
3306	38
1851	47
1785	46
2012	12
3650	10
2195	33
1783	17
1782	34
1779	47
3480	37
1777	10
2794	47
2842	46
1771	33
1767	2
1766	36
3607	47
1763	39
1762	45
1760	51
1758	14
2193	48
2302	25
4864	53
2515	31
1757	9
1756	10
1765	51
3376	40
3405	45
1753	5
2845	23
4028	29
1749	29
1746	29
1745	1
1834	10
1744	21
3041	52
1740	10
1739	8
3366	23
1737	8
5552	36
1736	13
3365	48
4189	17
1732	36
1731	13
3037	1
3038	55
1728	37
3393	36
1727	3
2043	19
1726	20
1724	27
2654	50
4125	17
1719	16
5913	31
5040	17
1799	32
1718	45
3919	7
1713	46
2587	52
1711	13
1710	54
1706	49
1702	30
1701	22
3491	46
3736	20
1697	36
2035	54
1691	46
1689	33
5558	8
3678	17
4938	37
1686	47
1685	30
2584	12
3383	25
1880	45
1683	2
3195	50
1679	53
1674	10
2391	6
1842	47
1671	42
2448	35
1670	23
1668	29
1667	39
3567	8
1887	54
1665	47
4468	37
2020	21
5623	5
1999	27
1664	34
4888	17
3220	25
1663	26
1824	54
1661	8
4725	47
1658	35
5536	28
1655	30
3512	10
1673	52
3168	13
1654	38
5138	47
1651	54
4068	32
2577	34
4714	10
2872	17
5469	37
1650	19
1649	13
1823	3
1646	10
4030	37
4016	8
1645	34
1750	30
1644	53
1838	1
1642	47
5165	46
4940	29
1639	27
3297	23
1637	29
1632	27
1631	36
3582	39
3779	13
1630	38
1629	10
1627	10
3662	40
1619	6
5343	50
1991	49
1616	13
2486	17
4005	1
1615	32
2338	41
5043	3
4461	37
1613	9
2390	15
5473	46
1609	3
1606	8
4680	21
1605	33
5611	7
2364	55
1602	32
1601	9
1599	13
5501	8
1598	17
1592	14
3432	13
1591	37
2430	35
4955	9
1588	16
3881	36
5723	20
1587	51
1585	37
3328	2
5556	9
1584	52
1581	35
1579	54
1576	36
1864	39
1574	18
1573	34
1571	4
4720	33
1570	53
3651	47
4274	19
1569	5
2880	42
1568	8
3624	13
1567	40
1566	1
4730	12
2007	15
3474	32
1565	38
1564	23
1563	10
1561	41
2456	17
5659	9
1560	47
1558	50
4195	28
1556	46
1555	9
1551	36
1550	9
2467	54
1548	18
2600	31
5581	35
1545	13
1540	35
2926	19
3632	15
1539	47
2044	40
5334	23
1538	54
1534	2
5520	7
4250	50
1582	44
3059	14
1532	6
2914	12
1531	44
1527	21
1524	2
1776	19
1522	28
1521	25
1519	35
1518	42
1516	54
2596	52
1660	7
3171	36
1514	49
1513	39
4707	36
4667	20
1510	25
1509	14
3773	20
3806	9
2024	13
1506	14
2795	13
3262	40
1960	15
3044	32
1504	47
1501	40
4611	12
1500	13
4900	16
1498	10
4627	38
1943	37
5937	36
4232	9
1497	13
1494	5
1936	2
1492	6
1933	33
1489	13
3116	26
1520	5
1488	36
4543	23
1487	20
1481	1
1479	16
3959	30
1478	40
5010	47
1475	16
3457	13
4134	38
1472	10
4662	55
1945	36
2589	10
1618	22
1471	13
1470	31
2300	29
1468	23
3200	10
1467	16
2707	27
1466	16
1465	13
1493	36
1464	10
1463	17
1461	17
5193	42
3886	2
1865	38
1458	29
1457	13
3910	34
1722	20
1979	10
1455	9
1623	36
3769	37
2885	40
1454	27
1453	31
5423	53
1452	45
1450	47
1583	10
2022	32
1449	27
1448	36
3015	9
1447	9
1444	15
5941	20
5745	39
5457	37
1441	2
5199	12
1439	20
1437	8
1662	17
1712	41
2812	31
1435	6
1434	49
2884	32
1433	50
2023	45
1870	27
1431	8
5431	5
3287	21
1430	20
5337	32
1425	10
1831	22
2458	34
1557	12
1423	22
2378	5
4861	13
1421	47
1420	47
4480	11
1417	13
4188	53
1416	5
1734	52
1415	8
2679	3
3799	31
4257	47
2010	28
1413	25
1410	8
1407	10
2343	39
3670	16
4849	3
1405	27
3312	13
1404	28
2683	9
1403	46
5517	39
1402	20
5353	39
2094	6
1397	47
1394	36
4476	13
1393	51
1390	16
1389	13
1388	13
1387	25
5994	3
1879	10
1385	46
4395	34
1384	30
3949	42
3994	32
4448	47
1382	10
1380	17
2210	37
1379	21
1751	20
1950	53
1375	33
2799	52
1372	13
4406	33
1371	27
3389	53
3194	21
1965	37
1370	31
1367	28
3418	50
5150	42
1365	47
1364	25
1362	18
1755	7
1360	21
1547	33
1355	36
1352	41
3753	13
2283	16
4289	47
1351	18
2174	37
1349	17
1597	10
1345	50
2717	22
2739	10
1342	47
1339	10
1985	35
1337	27
1332	36
3222	9
2401	10
5223	33
1331	41
1330	48
1386	2
1328	13
1807	51
4069	36
1327	32
1326	9
1322	15
1320	39
1316	47
5516	3
1314	37
1313	54
1311	20
1307	21
1304	28
1302	36
3172	9
1300	13
3487	12
1299	23
1438	55
1298	21
2645	52
1294	5
1293	28
1292	8
1764	38
1289	48
3199	36
2663	13
1340	34
2661	45
1288	45
3066	10
4329	28
1282	39
2082	41
3043	13
2006	12
5878	9
3275	44
1281	35
1280	55
1621	5
1278	16
4994	37
1277	41
2034	38
1276	44
1285	23
5494	23
1275	20
1270	27
5504	16
1267	47
2072	47
2039	18
3645	1
4070	25
2459	1
3321	52
1264	36
2133	20
4654	37
1262	10
5968	39
1261	10
1259	36
2905	20
4997	5
3643	6
1368	47
1258	35
1256	12
4992	48
1254	9
2942	54
1252	23
1251	46
1409	44
1246	38
2219	37
1244	1
2869	27
3108	34
5233	2
1647	45
2214	9
2040	47
1242	10
4128	31
1978	19
1240	42
4429	10
1334	46
4945	2
1559	10
1238	33
2713	38
3571	18
1236	54
1235	41
1230	12
2323	46
2123	9
1228	55
2107	55
3879	15
1227	47
3750	17
4094	27
1577	20
1226	52
2960	14
1338	46
2954	47
4811	39
1636	38
1224	29
2294	15
1223	47
1222	9
2461	9
3964	20
1217	46
3028	10
1553	41
1411	33
2317	29
1638	38
1215	36
3413	13
1213	20
1212	2
1211	6
1209	16
1207	49
3862	20
1239	14
1204	51
4775	28
3371	34
1503	35
5112	36
1199	40
2844	16
1198	17
4684	2
1229	13
1195	48
1192	10
3139	17
1885	14
1190	2
1188	19
1187	20
1186	20
5481	38
3382	5
1185	18
1677	16
1184	27
5933	26
1182	37
1426	25
1572	40
1179	30
1486	14
3712	17
5649	47
1178	1
1176	7
2821	17
2004	27
1175	17
1837	51
2854	32
1174	28
1173	49
3143	25
2758	31
1172	42
5491	54
3891	10
1798	46
2638	14
1170	34
4011	32
1168	23
1167	36
1659	37
1165	29
3397	52
1164	42
1684	48
1163	47
1301	15
1162	41
1161	2
1160	15
1159	33
3590	42
1158	32
3476	22
3629	42
4676	29
1715	10
1157	41
2953	33
1156	35
1155	52
1152	33
2087	13
4792	10
1150	10
1149	36
2759	50
3469	10
1146	2
1484	33
1145	9
4901	39
4700	52
1144	51
2108	10
2381	14
4098	25
1975	17
1142	48
3463	38
5808	36
1141	36
1140	36
1604	47
1138	48
4878	36
4443	38
1137	14
2090	22
1135	36
1607	6
4369	7
1133	37
5669	38
1816	10
1132	10
2033	34
4029	19
1131	10
1129	2
3398	7
1427	37
2330	46
1127	36
1126	47
5865	52
4922	52
1125	7
1392	20
3829	8
5317	13
1124	47
1119	36
5070	40
3924	10
1118	10
1117	27
3483	13
1115	14
5238	47
2785	10
1110	55
1109	6
3622	3
1383	29
5141	12
1250	8
4460	54
1419	10
1106	33
4368	25
3521	48
4185	47
1105	54
1103	14
3218	33
5192	47
2030	46
1102	2
2003	14
1101	41
3357	38
1963	31
5578	33
4035	13
1100	36
1099	9
1098	36
1517	1
5647	21
4575	54
1474	37
3561	13
2725	45
1097	28
4975	52
1096	37
1093	54
4814	53
1882	22
1087	10
1366	13
1085	13
3794	25
4690	13
1084	32
5919	18
1083	10
1080	55
1490	47
1081	3
1078	36
1743	21
3513	27
1077	23
4910	27
1075	54
3672	2
1074	15
4591	32
1072	28
2866	28
1070	28
1068	5
1067	36
4809	36
1853	10
2875	9
1065	39
1064	9
1063	5
1059	14
3196	9
1116	36
2639	12
1057	10
1056	47
1610	36
4453	10
1203	12
1499	9
1055	32
2218	47
1840	42
5544	25
1054	53
3825	29
3796	2
1053	13
1374	8
1052	13
3954	52
4681	47
1729	19
1051	39
1297	13
3486	53
3153	53
1050	36
1049	10
3294	38
1048	44
1047	22
1046	32
1255	15
1045	19
3526	29
1044	39
1961	10
1066	46
1716	9
1043	22
4387	17
2701	48
5927	30
4661	10
1784	16
1042	35
1041	16
4292	31
1805	45
1040	18
1038	45
1037	28
1932	8
4738	40
2874	21
1036	37
1035	53
3142	47
1034	34
1817	20
1030	25
2836	36
3183	33
1029	27
5797	27
1422	5
1028	9
1241	28
1027	29
1025	55
1640	10
1169	46
1151	10
1024	33
2731	40
3517	47
1693	47
1020	50
1378	18
1018	47
3553	25
1013	9
1987	36
1012	23
1011	52
1010	31
1946	53
5468	36
3289	32
1009	10
5588	23
1005	14
1721	23
5634	16
1001	46
1922	51
1000	36
1305	10
1357	36
998	13
3775	54
6035	36
1944	55
996	42
1720	22
994	39
5690	17
991	29
2357	35
990	1
2213	46
1309	54
986	55
5782	40
984	53
982	35
4053	32
3591	1
979	1
977	29
969	13
963	46
2205	33
2607	5
961	13
1552	35
959	46
3141	53
957	46
1811	53
2682	13
3359	17
4894	55
1208	17
1406	50
943	33
3186	31
1220	21
942	5
2771	17
3621	22
941	29
935	17
932	28
3822	40
930	54
2227	1
1350	34
929	20
1344	50
925	52
919	38
918	9
4563	22
1861	34
916	1
1069	40
5882	8
3660	20
915	53
910	13
2923	39
909	15
927	46
1554	9
4939	31
3120	32
4237	10
906	19
5404	53
5001	37
2336	25
5220	55
1859	13
904	38
2373	39
3019	15
903	40
2852	2
901	22
2045	41
3815	40
899	8
3648	34
5615	13
2161	17
5336	1
896	47
895	35
1653	55
2551	3
893	12
5135	17
892	10
890	47
1705	22
5378	35
889	30
2783	48
1820	55
4428	22
886	46
2061	15
1315	3
884	16
5734	31
933	10
882	35
1962	12
880	47
1858	46
869	42
1194	42
3228	29
867	51
5653	15
3240	18
4919	23
866	52
2260	33
1818	16
1249	8
864	34
863	2
861	50
4487	10
860	39
4365	19
1700	47
856	28
5497	5
854	36
853	13
2422	48
5521	9
4276	10
852	21
1183	37
851	14
850	1
1432	2
848	45
3873	1
847	52
845	17
837	42
4896	13
2388	22
836	18
1594	38
2964	23
833	20
1263	36
832	8
5099	47
831	39
3378	23
5235	14
830	29
2183	6
3237	26
5778	13
5134	37
2985	36
829	28
883	37
827	33
4774	31
1855	32
1033	10
826	1
4920	20
1608	36
931	22
2084	46
2111	22
4165	40
1927	38
2109	17
822	2
821	17
1672	16
5900	23
1113	3
3882	44
873	38
1002	17
3451	48
3661	44
810	48
1442	17
808	19
807	25
3391	7
805	34
4437	48
1324	16
4228	9
804	39
803	3
2718	23
5320	9
801	36
2873	18
798	37
797	39
1589	25
894	39
795	37
790	10
1257	15
789	41
788	32
3140	2
4404	46
786	42
815	3
2721	16
2918	17
1279	27
785	40
1775	32
782	37
1528	41
781	37
1495	36
1019	20
1972	34
3067	38
783	20
1914	49
779	13
3482	13
1329	39
777	32
972	17
774	41
773	32
3549	36
1839	27
771	1
2469	6
1512	40
1747	47
769	13
1274	19
768	19
2753	45
5018	36
766	13
2345	40
770	1
4762	46
762	19
757	31
792	13
755	22
753	17
2668	13
2826	2
3528	13
1058	9
2136	48
752	46
1091	14
1004	22
1666	10
1290	3
751	36
750	28
2629	33
2202	47
5766	13
1446	47
745	38
744	41
5304	53
948	47
742	36
767	1
740	5
4816	37
739	44
3069	55
737	19
970	10
5093	31
735	10
734	42
2632	33
5728	19
4445	36
731	15
3025	47
4075	35
4376	40
1676	12
729	27
4055	19
799	2
5471	13
3056	9
1007	53
728	10
725	51
2576	41
5322	46
1062	47
721	6
720	40
3509	41
4202	38
3791	13
716	35
923	1
713	32
3734	9
1717	49
3848	32
2659	17
3136	9
2851	10
708	1
1939	54
707	49
5975	22
699	31
2606	54
4976	42
1424	36
5989	15
698	15
736	36
2935	31
3324	50
5498	39
692	16
691	36
1536	49
4517	15
690	23
4330	19
689	14
3030	36
685	45
4561	47
875	16
2069	10
2924	25
684	21
682	22
3962	37
679	45
678	32
1017	39
1772	15
3761	32
1877	12
5062	36
676	48
3655	31
674	8
3830	7
4061	13
673	25
857	47
671	7
2154	48
1361	47
5190	17
1533	35
4560	53
953	3
5083	54
4740	44
670	22
2047	12
2215	25
3925	22
902	45
6010	17
668	47
2912	9
4921	53
1692	47
3820	36
2325	28
4883	10
665	53
2042	39
664	51
2155	36
3759	54
693	31
842	49
878	28
3603	55
1725	36
806	44
663	12
3843	35
661	46
1682	50
2999	9
4051	49
660	19
4579	5
659	47
658	40
2728	26
5542	32
819	20
687	16
657	36
1202	10
3355	47
754	22
2767	13
656	22
920	27
1436	28
3772	13
3833	39
1139	23
3915	36
732	18
655	23
3170	54
4074	7
1399	27
746	2
653	9
3061	21
759	49
1696	17
5637	45
649	12
5842	3
4874	23
648	20
647	42
1754	32
5545	31
646	36
645	17
3304	44
4966	36
2026	34
644	30
1114	20
3344	19
643	34
4977	31
642	33
4260	13
641	26
3683	13
3027	10
825	28
640	22
2746	49
5228	47
1905	26
962	13
639	21
2838	33
1704	27
638	13
2285	40
1094	14
637	17
730	53
1886	52
718	21
3951	35
1491	36
636	17
4097	52
681	21
2346	54
635	1
1890	10
634	22
1346	42
1400	50
633	34
3409	9
1428	21
2562	3
814	33
5149	3
3118	17
3267	41
632	46
5565	46
631	12
995	7
5067	28
1541	13
629	48
1976	22
5080	21
1333	33
2238	13
628	54
944	34
2194	19
3857	37
625	46
4794	37
1071	2
624	19
623	13
791	47
1982	47
2228	18
622	36
1626	54
620	32
619	36
956	47
1418	29
618	29
3122	9
5401	45
616	25
1395	9
1232	22
614	19
612	41
1942	10
1480	17
613	19
2135	38
5012	46
4759	37
611	29
5248	17
2416	28
3880	19
1469	17
607	3
4927	5
4300	26
606	32
5426	23
3219	44
5185	42
604	3
2014	13
602	35
968	44
601	7
1032	17
600	9
599	29
2067	2
3471	14
1860	47
1014	10
1694	47
1234	28
2099	7
1881	28
1104	47
5530	19
597	1
2628	17
5952	13
615	49
596	33
595	51
594	50
2946	37
2361	13
2672	48
592	29
5065	54
4106	36
741	30
683	6
2517	54
1210	46
5241	9
5221	36
3743	6
587	53
586	5
695	36
584	9
583	44
987	46
4865	3
1868	5
580	20
5359	45
578	19
1022	35
576	9
816	10
575	52
574	17
573	45
1308	40
911	46
3026	19
1245	47
3441	32
5154	48
677	47
3716	1
570	16
1543	13
569	48
1596	36
2820	27
3783	52
1271	36
568	47
2798	51
3330	47
1826	46
2386	52
980	2
4373	32
567	19
3742	21
5839	28
1971	1
566	19
1723	38
1681	15
563	51
870	21
2598	20
562	32
939	10
561	25
843	16
3233	15
764	13
812	3
3346	6
560	48
2086	13
610	47
784	53
2165	53
559	1
557	47
556	20
3905	25
555	16
553	8
2071	13
552	50
1919	17
5709	33
1193	36
2177	15
1015	13
551	45
5871	36
879	10
1283	10
5195	18
550	53
2834	34
5402	40
547	44
546	13
3698	48
2037	53
1549	46
541	55
540	32
3574	25
1325	50
2017	7
2384	39
838	10
921	47
539	18
538	19
2315	9
1233	15
2166	15
2938	13
2732	44
535	40
1633	22
3402	25
1511	36
1502	17
3972	33
534	20
3387	22
564	30
1130	39
3745	13
3831	8
532	36
3379	47
530	13
898	16
1752	32
528	25
5821	39
526	35
844	52
5603	22
1191	41
4136	6
525	38
523	36
2566	47
522	17
521	13
794	50
937	23
519	10
4140	10
733	41
518	30
603	17
3386	38
1253	37
666	38
517	36
3420	44
516	53
515	13
662	40
1611	47
512	10
2772	27
5828	46
5443	6
2656	19
2190	53
3696	17
508	36
667	9
2675	2
686	32
507	9
506	41
505	6
1476	37
2329	17
3444	37
3921	16
504	17
503	8
3105	5
5853	9
502	10
499	18
627	23
1964	15
497	33
3871	15
4796	6
3495	45
5081	23
2000	33
811	21
1862	2
3249	32
2376	40
3475	39
489	16
2525	53
5294	40
1273	23
3492	17
2497	9
488	15
487	16
481	36
1741	22
2366	52
3187	44
891	13
480	3
3834	13
1590	10
479	9
1323	25
478	17
5706	53
2025	20
1440	12
473	32
1983	48
472	49
5739	36
465	22
2057	25
4178	9
1092	19
4408	33
1708	22
554	7
464	23
3244	25
4746	13
460	13
1709	46
2972	8
1219	19
2575	10
960	48
462	37
1984	16
4758	23
2652	1
617	42
459	22
3515	37
1687	46
2322	50
2352	7
3713	55
457	15
455	21
2641	52
452	13
747	17
449	16
558	12
2684	17
448	20
4530	36
4503	19
868	13
447	27
5272	1
548	47
445	18
442	21
652	35
824	19
696	2
4708	31
572	50
2552	19
981	17
440	40
2097	13
4377	20
702	29
2263	47
4552	39
1947	10
439	48
2733	26
3878	26
1769	20
1526	13
438	17
609	27
435	40
1970	15
454	46
2982	41
5367	36
4577	13
2176	17
4783	3
828	20
3628	7
4500	48
432	38
2268	33
3869	44
5549	13
430	32
1738	6
426	21
4063	10
1952	50
5263	47
1801	38
423	10
3782	29
1648	46
700	17
3832	37
5746	10
1123	47
3082	7
5674	13
966	49
420	3
419	2
5103	25
444	13
418	37
413	5
2961	47
412	47
876	13
1643	33
409	7
5915	47
1197	19
849	2
3127	36
3975	17
3542	35
5682	27
406	7
4367	16
3316	10
405	17
905	25
2496	7
4541	29
404	48
1923	18
402	13
1354	33
3000	20
1023	23
1482	36
399	29
397	10
5326	31
1773	35
1929	9
395	36
2116	18
758	23
2079	25
704	47
2516	24
393	19
900	29
3008	7
4578	47
1849	40
1089	18
3623	36
513	32
4729	28
390	37
5696	13
389	31
1265	47
388	40
386	39
4056	35
433	51
3767	10
1735	13
2358	1
385	36
4551	10
382	23
1930	1
381	53
380	18
651	38
2499	45
1177	25
376	37
1730	46
374	41
373	41
2240	50
4054	10
372	16
2697	18
5748	36
1295	45
371	21
1612	10
1073	50
514	46
5024	17
370	15
1376	13
415	38
3396	31
369	10
874	18
410	47
3144	22
1814	38
414	9
3317	21
366	28
3608	15
365	53
5572	54
3501	8
4291	38
1381	1
3272	40
417	21
1742	27
2462	19
431	39
364	12
3703	53
363	23
1451	23
1774	9
362	28
3936	17
1122	40
492	25
2269	35
5939	23
697	53
989	35
2615	41
4065	14
2807	37
3400	13
1343	25
361	49
4095	20
357	54
356	41
2277	31
5106	9
621	2
2064	30
3436	15
355	41
4226	13
1523	13
2578	31
3727	8
3579	50
354	32
352	15
349	40
2200	40
1800	44
3694	9
345	7
2822	14
1284	10
1669	18
1625	32
358	1
5775	32
2472	12
343	10
471	38
1819	13
342	40
1845	2
954	47
3332	27
4279	47
1981	42
341	10
2991	51
340	49
1535	47
1496	9
1086	37
335	2
334	47
3005	21
5399	40
1456	9
2313	46
403	46
4755	24
333	35
1359	32
396	19
5922	14
1675	13
332	53
2882	36
375	42
4868	37
331	50
3481	34
5785	36
520	42
329	25
881	2
630	13
328	47
1108	9
326	53
5956	9
865	6
3205	46
324	28
859	40
2121	13
323	13
3714	17
317	16
5305	13
316	1
3931	16
456	10
315	21
608	17
2265	40
4166	36
1995	10
314	41
2623	13
5373	29
543	54
2727	16
313	28
311	16
5393	36
321	35
2574	9
2609	14
3156	1
5869	31
1180	47
310	5
1778	42
384	40
2508	26
5265	8
2139	20
1398	32
2129	47
3616	55
5086	7
760	25
3906	38
5594	36
307	10
5460	28
305	32
5719	21
1657	28
304	16
303	23
1918	39
424	40
299	17
2255	25
500	21
298	2
2248	40
297	49
3428	8
775	21
988	23
545	32
1336	25
3063	7
3014	6
3331	33
5201	5
296	46
680	25
5670	50
5311	47
5300	17
293	41
1128	17
2296	41
3047	45
796	41
292	37
353	27
291	42
1902	22
1136	47
290	41
289	7
2998	2
976	47
5604	37
287	40
3052	46
885	23
1120	46
284	20
5695	41
1908	8
496	22
2197	13
1617	37
1016	40
283	36
3151	20
1369	10
2792	47
3150	40
1061	46
482	1
282	22
5213	14
281	6
280	28
278	39
320	36
3046	48
3667	29
1695	10
817	10
6030	30
408	13
2853	36
5905	20
275	44
337	13
274	21
3018	45
272	53
3894	39
3897	19
2309	46
3544	50
3874	54
3950	20
491	33
270	9
269	37
325	17
5599	39
1341	33
778	45
2120	3
3164	1
1781	38
703	42
4100	26
1603	14
268	23
267	40
394	21
1303	40
3335	10
1871	23
1507	27
5180	16
4299	35
712	17
3691	7
4952	36
1578	10
368	21
266	8
1897	47
2272	19
265	21
2829	9
486	52
264	48
3884	2
262	17
765	25
787	27
3112	35
257	45
2634	19
255	37
1848	19
1095	8
2553	44
254	47
709	10
1076	20
245	18
813	31
3647	13
243	27
5663	9
511	48
1803	7
1688	32
241	53
401	10
4669	16
1412	22
2752	17
4793	37
239	20
965	44
236	3
2714	17
1680	39
917	7
1121	1
233	6
1505	37
3493	6
232	18
2201	48
228	36
383	33
3049	1
5875	16
249	51
295	40
2305	23
225	41
428	47
1373	31
694	38
224	9
5810	53
501	14
2709	10
723	3
1843	50
2288	41
719	13
220	28
219	47
212	52
3394	29
6001	15
2051	45
1166	45
705	14
877	34
5793	10
4573	53
888	10
210	35
3598	45
207	38
1515	47
422	28
263	45
1363	35
1196	5
2782	15
2560	19
206	49
1181	47
204	23
427	42
2907	51
201	13
199	28
2987	8
3072	34
3980	17
434	30
2427	35
195	29
3771	1
1989	20
2117	22
193	34
3132	51
3730	32
229	17
3361	6
1287	44
463	54
1143	36
192	23
4328	17
946	19
5005	54
4752	37
3724	2
5050	45
191	10
509	40
190	45
3558	52
1060	28
277	7
4318	49
2716	18
188	31
952	53
186	53
5143	30
823	2
2015	17
1090	35
185	10
4856	9
2333	17
2665	12
4470	15
348	10
1593	2
940	8
1401	48
183	16
1231	9
871	47
2207	36
1698	2
1537	19
182	53
3443	31
5264	23
251	49
5957	19
180	10
176	53
2994	47
2138	40
3842	35
407	31
3594	22
5236	16
175	34
169	10
1832	42
924	41
5781	3
1901	10
3291	47
168	17
467	15
338	18
2868	12
286	8
3352	10
2062	53
166	48
577	23
4336	52
198	13
5319	54
2041	1
3089	45
3135	48
527	27
4438	51
165	36
5079	45
309	53
253	41
164	46
1614	5
196	42
162	13
531	19
4251	42
161	14
591	14
160	41
474	10
159	29
1318	29
259	27
347	14
5419	35
1892	14
1310	32
437	10
4151	10
158	6
3851	8
490	26
246	41
155	53
887	26
701	13
181	19
1529	47
3827	1
151	14
483	38
150	9
5169	34
1317	41
2220	32
2460	13
706	28
218	47
5528	19
1148	9
5633	13
149	13
2527	47
301	10
167	34
5164	31
147	17
189	5
3075	18
5703	48
1003	13
993	19
1205	1
146	10
4316	1
983	47
1296	36
3751	48
215	13
510	34
1948	19
748	2
672	25
145	47
2301	17
4824	15
1079	38
4715	28
3257	37
144	8
714	37
3282	32
1031	53
143	12
5354	13
1111	10
416	16
142	32
1780	25
3885	13
322	1
1641	38
3375	29
141	22
139	52
5044	20
222	17
2855	47
5408	29
4954	23
138	21
1459	51
1977	32
1968	10
1216	37
134	33
5208	30
4424	13
133	10
131	34
1600	32
772	38
1790	9
129	19
1414	48
872	21
2945	10
938	17
209	13
5965	53
1699	35
163	51
820	31
248	20
2243	10
5909	41
132	21
2642	13
571	41
4346	52
1575	18
127	8
443	48
2481	53
2890	27
441	37
126	16
955	39
122	13
498	3
120	1
1690	37
250	20
1154	10
3901	41
238	20
4107	40
226	42
928	13
1356	13
130	2
5349	32
1678	38
118	1
4327	36
1580	6
840	14
4133	47
1959	32
776	17
1321	37
1759	34
589	29
743	32
722	41
5433	36
140	35
2286	53
5868	23
468	23
116	1
4135	31
1812	44
115	1
153	8
425	42
429	23
5444	47
110	15
950	41
3285	22
109	33
4019	10
5686	34
108	40
2332	33
1473	23
2610	13
1088	32
4748	6
172	47
5056	46
1319	53
466	50
4555	39
453	46
1237	24
997	41
4832	13
1214	47
276	32
107	8
2801	46
1286	6
3798	39
6009	20
834	2
470	10
4624	13
112	38
2164	52
3778	20
1562	39
4044	48
542	13
5442	13
106	1
2148	49
223	37
105	17
1530	2
104	25
524	35
1935	55
101	39
999	32
360	49
964	13
458	43
1206	13
3578	19
605	22
2144	1
1998	22
202	14
3922	52
1272	9
2282	8
4801	47
157	19
582	13
3679	7
4396	27
273	32
4781	2
100	34
2677	55
3180	31
3341	33
958	28
1634	36
565	9
391	36
1153	25
934	32
99	37
4558	18
738	17
121	37
3642	10
4050	53
5519	10
5427	13
1748	55
1006	35
237	34
529	45
1876	3
1460	29
1815	18
451	20
2226	28
1377	2
98	5
3197	50
96	52
3050	13
536	23
4285	37
3803	31
351	36
2008	14
780	10
1306	50
2085	47
91	17
89	15
1243	36
710	37
5554	10
235	48
3523	15
1200	33
5003	54
1408	22
85	45
2586	31
4687	39
802	19
82	6
260	36
971	29
78	9
3408	12
77	29
2188	33
1768	42
598	29
1391	9
103	33
4022	52
4797	7
156	36
76	8
3158	27
4024	34
5858	2
5092	15
485	50
227	8
2909	5
294	32
74	22
5410	24
749	23
726	28
846	34
3296	13
367	32
3965	39
2561	39
319	21
73	6
3710	25
1544	2
5006	44
4679	32
72	13
967	23
258	53
5570	12
1928	49
436	17
71	1
5254	28
5111	10
4780	37
339	15
3207	10
475	47
974	37
1652	23
247	1
152	35
839	47
2567	38
4120	14
379	36
835	28
350	9
70	45
117	48
985	19
197	32
67	52
2809	47
862	25
3107	9
66	28
4462	32
64	17
61	53
841	18
2595	35
5389	10
1595	16
60	14
4750	23
711	10
4828	47
58	23
2415	33
1830	33
4132	5
102	12
128	36
57	36
484	44
200	34
5214	54
312	2
3787	10
2831	22
4527	27
79	15
3319	9
4484	36
279	19
230	35
3425	37
2662	39
4264	17
1813	12
56	36
1268	29
52	36
179	46
5921	41
5435	28
3982	44
177	45
3981	40
1525	28
48	47
992	48
49	29
2328	2
2476	47
1810	8
92	20
936	37
947	37
3715	9
47	10
2404	50
763	22
4212	13
818	38
3447	21
90	45
717	13
4217	17
46	2
43	39
2454	10
171	41
3442	28
1112	47
244	10
3401	9
327	27
205	16
62	27
242	3
1266	47
1291	10
42	6
2650	47
87	52
2471	38
461	13
1924	47
40	16
400	36
2537	17
39	13
84	29
1189	2
1147	29
3362	3
494	16
377	53
907	42
626	34
975	27
5309	23
1396	8
306	28
51	31
37	39
1348	28
1269	48
135	23
912	19
44	40
2904	45
3876	16
1082	28
36	19
1542	3
3793	33
5854	8
4174	14
2304	46
469	35
1335	19
68	26
945	15
1260	47
5759	46
208	35
59	39
1622	52
973	28
3534	54
5938	8
93	41
2787	17
1508	37
34	37
590	37
3078	2
28	25
2507	22
3411	20
1443	16
2699	42
3160	41
203	13
25	3
1624	29
5735	22
2572	38
922	18
5142	38
285	46
2075	33
4130	40
951	46
2186	52
221	48
24	17
3081	36
1703	31
1546	41
858	31
1900	17
308	13
30	12
724	53
3035	19
378	52
4039	10
1445	46
4739	41
63	33
897	28
54	30
3986	8
4618	36
544	42
4743	16
1899	18
86	25
2374	53
5625	55
170	34
4862	19
581	33
21	9
5923	10
2800	27
271	9
5704	20
53	55
1620	18
1347	37
477	3
450	21
4401	34
187	23
398	33
4722	8
1934	51
19	40
1358	13
1707	8
38	33
88	14
727	10
4968	44
476	36
1986	19
5972	40
2065	19
3940	19
18	53
579	21
252	6
1021	33
421	52
17	37
6015	36
94	28
1656	41
793	49
2405	40
3927	38
29	54
3917	8
123	35
2299	13
913	41
3159	48
114	21
3889	19
55	41
1107	19
35	13
1787	55
1247	10
16	47
392	28
12	16
4942	48
174	20
2100	1
1353	48
4091	29
446	39
1225	41
949	10
330	36
97	19
10	9
533	40
1733	15
5574	10
27	37
3301	39
2429	31
31	22
217	33
346	2
344	8
9	40
4440	18
194	10
2436	32
1218	10
240	25
5020	36
675	13
2068	28
1134	13
5661	40
261	34
2019	47
5108	53
211	40
2450	7
5278	53
2411	17
1429	22
5289	31
26	20
1201	13
3033	27
4682	16
2479	20
3040	36
4933	1
756	10
5848	22
214	37
585	21
588	46
1992	34
288	15
4481	47
761	40
4386	13
1889	20
14	13
5518	53
688	52
4168	10
4116	32
1949	36
593	5
5716	47
173	13
3974	17
4197	25
1628	19
2298	16
75	33
2539	13
3243	14
8	12
809	27
2766	50
184	25
2326	32
20	55
81	17
4205	41
1485	33
216	8
495	40
3090	15
411	47
914	10
549	13
1635	36
537	45
95	20
7	47
33	47
302	47
300	36
3914	26
1039	9
41	40
234	47
3562	48
1248	54
2440	5
650	10
6	48
1483	36
136	47
4574	16
3103	32
855	49
2032	6
2029	36
2418	36
908	46
493	3
5490	47
5463	20
15	45
65	14
113	8
978	50
2433	31
3209	22
231	46
50	35
2055	47
3265	53
318	10
13	6
359	31
4	36
4911	8
125	48
119	32
2334	53
5926	46
387	34
178	10
1008	46
3	26
1586	36
80	35
3892	34
800	22
1171	53
5514	19
336	36
3895	10
1997	37
124	7
2	52
654	37
1026	46
45	41
1312	25
3058	52
1221	33
1714	31
4936	46
69	8
11	37
1794	35
256	38
3738	10
148	47
2162	53
669	31
715	10
1477	15
23	37
2859	53
111	41
1	25
137	31
3364	13
1906	38
2204	47
2932	2
5	51
4216	21
1462	16
0	41
3268	14
5420	33
213	36
926	17
1770	28
4245	12
2231	47
32	17
83	17
154	33
1761	25
4052	20
22	21
